-97.0, 18.0
-93.0, 18.0
-93.0, 18.0
-97.0, 17.0
-93.0, 18.0
-93.0, 18.0
-118.0, 63.0
-118.0, 65.0
-118.0, 65.0
-118.0, 62.0
-118.0, 61.0
-119.0, 62.0
-119.0, 62.0
-120.0, 64.0
-120.0, 63.0
-119.0, 63.0
-119.0, 62.0
-119.0, 63.0
-120.0, 63.0
-120.0, 63.0
-126.0, 73.0
-127.0, 73.0
-126.0, 71.0
-125.0, 71.0
-125.0, 72.0
-114.0, 73.0
-114.0, 73.0
-114.0, 74.0
-113.0, 73.0
-114.0, 73.0
-114.0, 73.0
-113.0, 73.0
-113.0, 73.0
-114.0, 73.0
-116.0, 67.0
-116.0, 67.0
-116.0, 67.0
-116.0, 69.0
-116.0, 68.0
-116.0, 70.0
-116.0, 70.0
-115.0, 70.0
-117.0, 70.0
-118.0, 70.0
-117.0, 69.0
-115.0, 70.0
-115.0, 70.0
-115.0, 69.0
-115.0, 69.0
-116.0, 72.0
-116.0, 73.0
-116.0, 73.0
-116.0, 72.0
-117.0, 72.0
-117.0, 73.0
-114.0, 70.0
-114.0, 70.0
-114.0, 72.0
-113.0, 71.0
-114.0, 70.0
-114.0, 70.0
-115.0, 70.0
-115.0, 70.0
-120.0, 64.0
-120.0, 64.0
-119.0, 64.0
-119.0, 65.0
-121.0, 64.0
-123.0, 64.0
-122.0, 64.0
-123.0, 63.0
-120.0, 61.0
-114.0, 66.0
-114.0, 67.0
-112.0, 66.0
-112.0, 64.0
-112.0, 65.0
-112.0, 65.0
-112.0, 65.0
-111.0, 63.0
-111.0, 64.0
-111.0, 65.0
-112.0, 64.0
-112.0, 64.0
-112.0, 64.0
-112.0, 63.0
-113.0, 64.0
-114.0, 65.0
-113.0, 66.0
-113.0, 66.0
-120.0, 64.0
-120.0, 66.0
-119.0, 66.0
-120.0, 65.0
-120.0, 65.0
-120.0, 66.0
-120.0, 65.0
-121.0, 66.0
-122.0, 67.0
-121.0, 67.0
-122.0, 67.0
-122.0, 67.0
-121.0, 66.0
-125.0, 70.0
-125.0, 70.0
-125.0, 70.0
-125.0, 69.0
-124.0, 70.0
-124.0, 54.0
-124.0, 55.0
-124.0, 55.0
-124.0, 55.0
-122.0, 52.0
-122.0, 52.0
-125.0, 59.0
-125.0, 59.0
-125.0, 53.0
-125.0, 54.0
-125.0, 54.0
-124.0, 53.0
-123.0, 53.0
-122.0, 53.0
-123.0, 52.0
-123.0, 52.0
-122.0, 52.0
-123.0, 52.0
-122.0, 52.0
-122.0, 52.0
-124.0, 52.0
-123.0, 52.0
-124.0, 57.0
-124.0, 57.0
-125.0, 57.0
-125.0, 54.0
-125.0, 54.0
-125.0, 52.0
-125.0, 52.0
-126.0, 54.0
-126.0, 54.0
-125.0, 55.0
-124.0, 56.0
-126.0, 56.0
-127.0, 56.0
-125.0, 55.0
-126.0, 58.0
-126.0, 58.0
-125.0, 55.0
-125.0, 55.0
-124.0, 55.0
-124.0, 56.0
-124.0, 56.0
-123.0, 56.0
-123.0, 58.0
-123.0, 57.0
-123.0, 57.0
-123.0, 56.0
-123.0, 55.0
-123.0, 55.0
-125.0, 54.0
-124.0, 54.0
-127.0, 51.0
-127.0, 51.0
-119.0, 51.0
-119.0, 52.0
-119.0, 52.0
-120.0, 52.0
-119.0, 51.0
-119.0, 52.0
-118.0, 52.0
-116.0, 52.0
-116.0, 53.0
-116.0, 52.0
-116.0, 52.0
-118.0, 52.0
-118.0, 52.0
-118.0, 53.0
-118.0, 53.0
-117.0, 53.0
-117.0, 53.0
-122.0, 51.0
-121.0, 52.0
-117.0, 51.0
-117.0, 51.0
-121.0, 52.0
-120.0, 52.0
-120.0, 52.0
-119.0, 52.0
-119.0, 52.0
-120.0, 52.0
-120.0, 52.0
-118.0, 56.0
-118.0, 56.0
-118.0, 54.0
-118.0, 55.0
-118.0, 55.0
-118.0, 55.0
-118.0, 55.0
-117.0, 54.0
-120.0, 55.0
-119.0, 55.0
-119.0, 55.0
-119.0, 55.0
-117.0, 54.0
-117.0, 54.0
-121.0, 60.0
-118.0, 56.0
-119.0, 56.0
-119.0, 56.0
-117.0, 56.0
-118.0, 57.0
-118.0, 56.0
-117.0, 57.0
-118.0, 56.0
-118.0, 57.0
-118.0, 57.0
-118.0, 57.0
-117.0, 57.0
-118.0, 57.0
-121.0, 56.0
-122.0, 56.0
-125.0, 55.0
-124.0, 55.0
-124.0, 55.0
-123.0, 55.0
-125.0, 55.0
-124.0, 55.0
-121.0, 54.0
-120.0, 54.0
-120.0, 54.0
-120.0, 55.0
-121.0, 54.0
-121.0, 54.0
-121.0, 54.0
-117.0, 53.0
-119.0, 53.0
-119.0, 53.0
-116.0, 52.0
-116.0, 52.0
-118.0, 53.0
-118.0, 53.0
-117.0, 56.0
-117.0, 56.0
-119.0, 56.0
-119.0, 56.0
-119.0, 56.0
-117.0, 57.0
-117.0, 57.0
-117.0, 57.0
-117.0, 57.0
-117.0, 57.0
-119.0, 55.0
-120.0, 56.0
-118.0, 55.0
-130.0, 44.0
-131.0, 44.0
-130.0, 44.0
-130.0, 44.0
-129.0, 46.0
-129.0, 45.0
-129.0, 45.0
-130.0, 46.0
-129.0, 42.0
-129.0, 43.0
-129.0, 43.0
-110.0, 41.0
-112.0, 42.0
-112.0, 42.0
-113.0, 42.0
-113.0, 43.0
-113.0, 43.0
-113.0, 42.0
-114.0, 42.0
-104.0, 40.0
-109.0, 63.0
-109.0, 63.0
-109.0, 63.0
-109.0, 63.0
-111.0, 62.0
-110.0, 62.0
-110.0, 62.0
-110.0, 63.0
-110.0, 63.0
-110.0, 64.0
-110.0, 62.0
-110.0, 62.0
-109.0, 62.0
-108.0, 62.0
-109.0, 62.0
-110.0, 63.0
-110.0, 63.0
-109.0, 64.0
-109.0, 64.0
-109.0, 64.0
-109.0, 64.0
-110.0, 63.0
-110.0, 63.0
-110.0, 62.0
-94.0, 55.0
-94.0, 55.0
-94.0, 55.0
-94.0, 55.0
-94.0, 55.0
-101.0, 60.0
-101.0, 60.0
-101.0, 60.0
-102.0, 60.0
-102.0, 60.0
-100.0, 59.0
-100.0, 58.0
-100.0, 58.0
-98.0, 60.0
-99.0, 60.0
-99.0, 60.0
-98.0, 61.0
-97.0, 61.0
-99.0, 61.0
-98.0, 62.0
-101.0, 61.0
-101.0, 58.0
-101.0, 58.0
-102.0, 60.0
-99.0, 57.0
-99.0, 57.0
-99.0, 57.0
-98.0, 56.0
-99.0, 58.0
-99.0, 58.0
-97.0, 57.0
-96.0, 56.0
-96.0, 55.0
-97.0, 55.0
-97.0, 57.0
-97.0, 58.0
-97.0, 58.0
-97.0, 58.0
-96.0, 57.0
-96.0, 57.0
-96.0, 57.0
-96.0, 57.0
-98.0, 61.0
-98.0, 61.0
-99.0, 61.0
-99.0, 60.0
-97.0, 57.0
-98.0, 57.0
-98.0, 57.0
-98.0, 57.0
-98.0, 58.0
-98.0, 58.0
-98.0, 58.0
-98.0, 58.0
-99.0, 58.0
-99.0, 58.0
-99.0, 60.0
-99.0, 60.0
-101.0, 59.0
-99.0, 61.0
-99.0, 63.0
-99.0, 63.0
-99.0, 62.0
-98.0, 59.0
-98.0, 59.0
-98.0, 59.0
-99.0, 60.0
-99.0, 60.0
-99.0, 60.0
-99.0, 60.0
-98.0, 61.0
-99.0, 61.0
-99.0, 61.0
-99.0, 61.0
-100.0, 59.0
-99.0, 60.0
-99.0, 59.0
-102.0, 60.0
-102.0, 60.0
-101.0, 60.0
-98.0, 62.0
-98.0, 61.0
-98.0, 60.0
-99.0, 59.0
-97.0, 59.0
-97.0, 59.0
-118.0, 53.0
-118.0, 52.0
-119.0, 52.0
-118.0, 51.0
-120.0, 51.0
-120.0, 51.0
-120.0, 51.0
-120.0, 51.0
-119.0, 51.0
-121.0, 53.0
-120.0, 52.0
-121.0, 53.0
-121.0, 52.0
-119.0, 53.0
-120.0, 52.0
-124.0, 56.0
-124.0, 56.0
-123.0, 56.0
-123.0, 58.0
-123.0, 55.0
-123.0, 55.0
-123.0, 55.0
-123.0, 55.0
-123.0, 56.0
-122.0, 55.0
-123.0, 55.0
-120.0, 55.0
-121.0, 53.0
-120.0, 55.0
-120.0, 53.0
-127.0, 54.0
-129.0, 54.0
-132.0, 54.0
-131.0, 54.0
-130.0, 54.0
-127.0, 55.0
-127.0, 56.0
-127.0, 55.0
-127.0, 55.0
-121.0, 59.0
-122.0, 59.0
-122.0, 59.0
-122.0, 56.0
-121.0, 56.0
-122.0, 55.0
-122.0, 56.0
-122.0, 55.0
-123.0, 54.0
-123.0, 54.0
-123.0, 53.0
-124.0, 55.0
-124.0, 55.0
-123.0, 55.0
-123.0, 55.0
-122.0, 54.0
-122.0, 54.0
-122.0, 54.0
-124.0, 55.0
-119.0, 56.0
-120.0, 56.0
-121.0, 56.0
-120.0, 56.0
-120.0, 56.0
-120.0, 56.0
-120.0, 56.0
-119.0, 57.0
-121.0, 57.0
-120.0, 57.0
-121.0, 58.0
-120.0, 57.0
-122.0, 57.0
-122.0, 57.0
-121.0, 57.0
-121.0, 58.0
-132.0, 55.0
-133.0, 55.0
-133.0, 55.0
-133.0, 55.0
-133.0, 54.0
-132.0, 50.0
-132.0, 50.0
-132.0, 49.0
-132.0, 49.0
-98.0, 57.0
-98.0, 57.0
-98.0, 54.0
-98.0, 54.0
-98.0, 54.0
-98.0, 54.0
-98.0, 54.0
-98.0, 54.0
-99.0, 58.0
-98.0, 58.0
-100.0, 58.0
-98.0, 58.0
-108.0, 65.0
-111.0, 66.0
-110.0, 66.0
-110.0, 66.0
-109.0, 63.0
-112.0, 64.0
-114.0, 64.0
-110.0, 65.0
-110.0, 63.0
-110.0, 63.0
-113.0, 57.0
-113.0, 58.0
-113.0, 58.0
-113.0, 58.0
-113.0, 57.0
-112.0, 58.0
-112.0, 58.0
-112.0, 57.0
-112.0, 59.0
-110.0, 59.0
-110.0, 59.0
-113.0, 59.0
-113.0, 59.0
-112.0, 59.0
-113.0, 59.0
-113.0, 59.0
-112.0, 57.0
-111.0, 62.0
-111.0, 62.0
-110.0, 62.0
-111.0, 61.0
-112.0, 63.0
-112.0, 63.0
-112.0, 63.0
-107.0, 63.0
-108.0, 63.0
-107.0, 62.0
-107.0, 64.0
-107.0, 64.0
-108.0, 64.0
-107.0, 63.0
-107.0, 63.0
-108.0, 63.0
-108.0, 63.0
-107.0, 63.0
-107.0, 61.0
-110.0, 63.0
-110.0, 63.0
-107.0, 61.0
-107.0, 61.0
-109.0, 63.0
-108.0, 65.0
-108.0, 65.0
-109.0, 64.0
-110.0, 64.0
-109.0, 65.0
-108.0, 65.0
-117.0, 70.0
-117.0, 69.0
-117.0, 71.0
-117.0, 71.0
-117.0, 70.0
-117.0, 70.0
-117.0, 70.0
-116.0, 70.0
-113.0, 70.0
-116.0, 69.0
-116.0, 68.0
-116.0, 69.0
-116.0, 69.0
-114.0, 71.0
-116.0, 71.0
-116.0, 71.0
-116.0, 71.0
-116.0, 71.0
-117.0, 71.0
-115.0, 71.0
-116.0, 71.0
-114.0, 70.0
-114.0, 70.0
-114.0, 70.0
-114.0, 69.0
-114.0, 69.0
-114.0, 70.0
-110.0, 64.0
-111.0, 64.0
-111.0, 64.0
-109.0, 66.0
-108.0, 65.0
-109.0, 65.0
-108.0, 62.0
-108.0, 62.0
-108.0, 62.0
-108.0, 61.0
-109.0, 62.0
-109.0, 62.0
-110.0, 63.0
-110.0, 62.0
-109.0, 63.0
-103.0, 60.0
-103.0, 61.0
-103.0, 61.0
-103.0, 61.0
-103.0, 61.0
-103.0, 60.0
-103.0, 61.0
-105.0, 59.0
-105.0, 60.0
-105.0, 60.0
-106.0, 61.0
-107.0, 61.0
-107.0, 61.0
-109.0, 63.0
-108.0, 66.0
-107.0, 65.0
-110.0, 66.0
-110.0, 66.0
-108.0, 61.0
-108.0, 61.0
-108.0, 62.0
-109.0, 62.0
-108.0, 62.0
-109.0, 61.0
-109.0, 61.0
-109.0, 61.0
-104.0, 59.0
-104.0, 60.0
-104.0, 60.0
-109.0, 62.0
-109.0, 62.0
-109.0, 61.0
-104.0, 61.0
-106.0, 61.0
-106.0, 61.0
-108.0, 63.0
-108.0, 60.0
-108.0, 60.0
-106.0, 59.0
-107.0, 60.0
-107.0, 60.0
-107.0, 61.0
-107.0, 61.0
-106.0, 62.0
-108.0, 58.0
-107.0, 58.0
-107.0, 58.0
-111.0, 60.0
-111.0, 60.0
-111.0, 60.0
-111.0, 60.0
-110.0, 60.0
-110.0, 60.0
-110.0, 60.0
-110.0, 59.0
-110.0, 60.0
-110.0, 59.0
-111.0, 59.0
-110.0, 54.0
-109.0, 54.0
-108.0, 52.0
-108.0, 52.0
-108.0, 53.0
-109.0, 53.0
-109.0, 53.0
-109.0, 53.0
-109.0, 53.0
-109.0, 53.0
-109.0, 53.0
-109.0, 53.0
-106.0, 52.0
-106.0, 52.0
-106.0, 52.0
-106.0, 52.0
-108.0, 52.0
-108.0, 52.0
-108.0, 52.0
-108.0, 51.0
-109.0, 52.0
-109.0, 52.0
-109.0, 52.0
-110.0, 52.0
-108.0, 54.0
-111.0, 49.0
-111.0, 49.0
-111.0, 49.0
-111.0, 48.0
-111.0, 49.0
-112.0, 48.0
-112.0, 48.0
-111.0, 48.0
-111.0, 50.0
-110.0, 47.0
-112.0, 50.0
-112.0, 50.0
-111.0, 51.0
-111.0, 50.0
-111.0, 50.0
-111.0, 50.0
-111.0, 49.0
-111.0, 48.0
-111.0, 48.0
-109.0, 47.0
-112.0, 48.0
-112.0, 49.0
-119.0, 55.0
-117.0, 59.0
-117.0, 59.0
-117.0, 58.0
-117.0, 58.0
-118.0, 58.0
-117.0, 58.0
-117.0, 58.0
-117.0, 57.0
-120.0, 59.0
-120.0, 60.0
-122.0, 59.0
-122.0, 59.0
-122.0, 59.0
-122.0, 59.0
-122.0, 59.0
-122.0, 58.0
-122.0, 59.0
-121.0, 59.0
-121.0, 59.0
-116.0, 55.0
-116.0, 56.0
-119.0, 55.0
-119.0, 55.0
-118.0, 55.0
-118.0, 55.0
-118.0, 55.0
-118.0, 55.0
-114.0, 59.0
-114.0, 59.0
-115.0, 59.0
-114.0, 59.0
-118.0, 58.0
-116.0, 58.0
-114.0, 60.0
-114.0, 61.0
-116.0, 61.0
-115.0, 61.0
-115.0, 61.0
-114.0, 59.0
-114.0, 59.0
-114.0, 59.0
-113.0, 59.0
-115.0, 61.0
-115.0, 60.0
-115.0, 60.0
-109.0, 58.0
-107.0, 45.0
-107.0, 45.0
-111.0, 46.0
-108.0, 44.0
-112.0, 47.0
-112.0, 46.0
-112.0, 46.0
-112.0, 46.0
-112.0, 47.0
-112.0, 46.0
-105.0, 50.0
-105.0, 50.0
-105.0, 50.0
-107.0, 51.0
-104.0, 52.0
-105.0, 49.0
-105.0, 50.0
-106.0, 50.0
-111.0, 47.0
-110.0, 50.0
-110.0, 50.0
-110.0, 49.0
-110.0, 50.0
-110.0, 50.0
-108.0, 50.0
-110.0, 51.0
-109.0, 49.0
-110.0, 49.0
-110.0, 52.0
-110.0, 51.0
-108.0, 53.0
-110.0, 51.0
-108.0, 51.0
-107.0, 51.0
-108.0, 50.0
-107.0, 51.0
-108.0, 50.0
-110.0, 52.0
-110.0, 51.0
-110.0, 51.0
-110.0, 51.0
-110.0, 51.0
-110.0, 52.0
-109.0, 53.0
-108.0, 53.0
-110.0, 51.0
-110.0, 52.0
-110.0, 52.0
-112.0, 49.0
-112.0, 49.0
-112.0, 48.0
-112.0, 49.0
-113.0, 48.0
-111.0, 49.0
-110.0, 49.0
-111.0, 50.0
-111.0, 50.0
-112.0, 50.0
-113.0, 50.0
-112.0, 50.0
-112.0, 51.0
-112.0, 50.0
-112.0, 51.0
-101.0, 64.0
-101.0, 65.0
-101.0, 64.0
-97.0, 67.0
-97.0, 67.0
-98.0, 67.0
-97.0, 67.0
-97.0, 67.0
-98.0, 67.0
-100.0, 67.0
-100.0, 68.0
-98.0, 70.0
-99.0, 69.0
-99.0, 70.0
-99.0, 69.0
-98.0, 69.0
-98.0, 69.0
-98.0, 69.0
-100.0, 68.0
-99.0, 68.0
-99.0, 68.0
-97.0, 67.0
-97.0, 67.0
-98.0, 68.0
-98.0, 70.0
-101.0, 66.0
-101.0, 67.0
-98.0, 67.0
-97.0, 68.0
-100.0, 70.0
-101.0, 70.0
-100.0, 69.0
-100.0, 69.0
-100.0, 69.0
-100.0, 68.0
-100.0, 68.0
-100.0, 68.0
-100.0, 68.0
-100.0, 68.0
-100.0, 68.0
-100.0, 68.0
-100.0, 68.0
-101.0, 68.0
-100.0, 69.0
-102.0, 68.0
-102.0, 68.0
-102.0, 69.0
-98.0, 64.0
-98.0, 66.0
-98.0, 65.0
-98.0, 66.0
-99.0, 66.0
-98.0, 66.0
-98.0, 64.0
-98.0, 64.0
-101.0, 66.0
-100.0, 66.0
-102.0, 67.0
-102.0, 67.0
-100.0, 65.0
-101.0, 65.0
-101.0, 65.0
-100.0, 67.0
-100.0, 66.0
-99.0, 68.0
-99.0, 68.0
-99.0, 70.0
-100.0, 68.0
-100.0, 68.0
-98.0, 66.0
-98.0, 66.0
-97.0, 66.0
-97.0, 66.0
-98.0, 65.0
-96.0, 66.0
-94.0, 64.0
-96.0, 65.0
-96.0, 65.0
-96.0, 66.0
-95.0, 63.0
-96.0, 65.0
-95.0, 64.0
-96.0, 65.0
-96.0, 63.0
-96.0, 63.0
-96.0, 63.0
-94.0, 63.0
-94.0, 64.0
-95.0, 26.0
-94.0, 25.0
-93.0, 25.0
-94.0, 22.0
-94.0, 24.0
-95.0, 25.0
-95.0, 24.0
-95.0, 24.0
-95.0, 23.0
-94.0, 23.0
-95.0, 22.0
-93.0, 22.0
-94.0, 22.0
-94.0, 22.0
-94.0, 22.0
-94.0, 24.0
-94.0, 23.0
-94.0, 25.0
-94.0, 25.0
-93.0, 25.0
-93.0, 26.0
-95.0, 25.0
-94.0, 25.0
-95.0, 27.0
-94.0, 28.0
-97.0, 27.0
-97.0, 27.0
-96.0, 29.0
-96.0, 30.0
-96.0, 29.0
-96.0, 27.0
-96.0, 28.0
-97.0, 31.0
-97.0, 29.0
-99.0, 30.0
-97.0, 30.0
-97.0, 29.0
-94.0, 24.0
-95.0, 26.0
-95.0, 25.0
-95.0, 24.0
-95.0, 25.0
-95.0, 25.0
-92.0, 25.0
-93.0, 25.0
-92.0, 24.0
-91.0, 24.0
-92.0, 24.0
-92.0, 24.0
-93.0, 22.0
-92.0, 22.0
-93.0, 21.0
-92.0, 21.0
-93.0, 23.0
-93.0, 22.0
-93.0, 22.0
-94.0, 23.0
-94.0, 23.0
-94.0, 23.0
-94.0, 21.0
-93.0, 25.0
-91.0, 24.0
-92.0, 24.0
-92.0, 27.0
-94.0, 25.0
-94.0, 25.0
-93.0, 26.0
-94.0, 27.0
-94.0, 26.0
-94.0, 25.0
-94.0, 25.0
-94.0, 25.0
-94.0, 25.0
-95.0, 26.0
-94.0, 26.0
-95.0, 26.0
-94.0, 28.0
-94.0, 27.0
-96.0, 26.0
-95.0, 26.0
-95.0, 26.0
-96.0, 27.0
-96.0, 27.0
-96.0, 27.0
-95.0, 26.0
-95.0, 26.0
-95.0, 26.0
-94.0, 26.0
-94.0, 28.0
-94.0, 29.0
-93.0, 29.0
-94.0, 27.0
-91.0, 25.0
-91.0, 25.0
-117.0, 41.0
-115.0, 40.0
-116.0, 40.0
-117.0, 41.0
-117.0, 44.0
-117.0, 44.0
-110.0, 42.0
-111.0, 43.0
-111.0, 42.0
-110.0, 42.0
-117.0, 37.0
-113.0, 38.0
-112.0, 38.0
-113.0, 38.0
-114.0, 38.0
-113.0, 38.0
-114.0, 38.0
-115.0, 38.0
-107.0, 38.0
-106.0, 37.0
-109.0, 37.0
-109.0, 37.0
-109.0, 37.0
-107.0, 37.0
-106.0, 37.0
-106.0, 37.0
-106.0, 37.0
-108.0, 38.0
-108.0, 38.0
-108.0, 38.0
-106.0, 42.0
-106.0, 42.0
-107.0, 40.0
-106.0, 40.0
-106.0, 40.0
-108.0, 36.0
-108.0, 36.0
-108.0, 39.0
-107.0, 38.0
-107.0, 38.0
-108.0, 38.0
-108.0, 37.0
-108.0, 37.0
-107.0, 40.0
-107.0, 39.0
-107.0, 39.0
-106.0, 38.0
-106.0, 38.0
-106.0, 38.0
-104.0, 38.0
-107.0, 37.0
-107.0, 38.0
-109.0, 38.0
-107.0, 38.0
-108.0, 38.0
-107.0, 38.0
-108.0, 38.0
-108.0, 38.0
-108.0, 38.0
-108.0, 38.0
-107.0, 38.0
-107.0, 37.0
-106.0, 40.0
-106.0, 41.0
-106.0, 38.0
-106.0, 37.0
-107.0, 38.0
-107.0, 38.0
-105.0, 41.0
-105.0, 40.0
-105.0, 41.0
-105.0, 41.0
-110.0, 42.0
-110.0, 43.0
-110.0, 43.0
-108.0, 42.0
-108.0, 40.0
-109.0, 40.0
-104.0, 41.0
-106.0, 41.0
-105.0, 41.0
-105.0, 41.0
-109.0, 44.0
-110.0, 44.0
-109.0, 44.0
-110.0, 43.0
-109.0, 43.0
-110.0, 43.0
-111.0, 44.0
-112.0, 44.0
-110.0, 42.0
-109.0, 45.0
-110.0, 45.0
-109.0, 44.0
-109.0, 45.0
-109.0, 46.0
-109.0, 44.0
-110.0, 45.0
-107.0, 44.0
-108.0, 44.0
-108.0, 44.0
-108.0, 44.0
-107.0, 42.0
-108.0, 43.0
-109.0, 42.0
-114.0, 45.0
-114.0, 45.0
-111.0, 46.0
-112.0, 46.0
-112.0, 46.0
-112.0, 46.0
-112.0, 46.0
-113.0, 44.0
-114.0, 44.0
-114.0, 43.0
-114.0, 43.0
-114.0, 43.0
-114.0, 43.0
-114.0, 44.0
-114.0, 45.0
-113.0, 44.0
-110.0, 46.0
-110.0, 46.0
-111.0, 39.0
-111.0, 40.0
-110.0, 39.0
-111.0, 40.0
-111.0, 40.0
-110.0, 43.0
-109.0, 45.0
-109.0, 45.0
-110.0, 45.0
-111.0, 44.0
-109.0, 45.0
-108.0, 44.0
-111.0, 40.0
-112.0, 39.0
-112.0, 39.0
-112.0, 39.0
-112.0, 39.0
-112.0, 45.0
-112.0, 45.0
-112.0, 45.0
-112.0, 45.0
-112.0, 43.0
-112.0, 45.0
-111.0, 41.0
-111.0, 41.0
-111.0, 41.0
-111.0, 41.0
-111.0, 41.0
-115.0, 40.0
-115.0, 40.0
-115.0, 40.0
-115.0, 40.0
-115.0, 40.0
-115.0, 41.0
-114.0, 43.0
-113.0, 45.0
-114.0, 44.0
-113.0, 44.0
-113.0, 45.0
-115.0, 42.0
-116.0, 42.0
-115.0, 43.0
-116.0, 42.0
-115.0, 39.0
-115.0, 39.0
-115.0, 39.0
-114.0, 42.0
-114.0, 42.0
-113.0, 42.0
-113.0, 40.0
-113.0, 41.0
-113.0, 42.0
-113.0, 42.0
-116.0, 44.0
-106.0, 31.0
-105.0, 31.0
-105.0, 31.0
-105.0, 32.0
-105.0, 32.0
-106.0, 32.0
-106.0, 32.0
-105.0, 33.0
-105.0, 33.0
-105.0, 33.0
-105.0, 33.0
-105.0, 33.0
-105.0, 33.0
-105.0, 33.0
-105.0, 33.0
-104.0, 33.0
-105.0, 33.0
-105.0, 33.0
-103.0, 32.0
-103.0, 32.0
-103.0, 31.0
-106.0, 31.0
-106.0, 31.0
-100.0, 48.0
-100.0, 48.0
-100.0, 48.0
-98.0, 50.0
-99.0, 50.0
-98.0, 50.0
-98.0, 50.0
-98.0, 50.0
-101.0, 48.0
-101.0, 48.0
-98.0, 48.0
-97.0, 48.0
-97.0, 48.0
-98.0, 48.0
-100.0, 49.0
-113.0, 46.0
-113.0, 47.0
-114.0, 48.0
-113.0, 46.0
-113.0, 47.0
-114.0, 51.0
-114.0, 51.0
-114.0, 53.0
-113.0, 52.0
-112.0, 52.0
-113.0, 52.0
-113.0, 50.0
-109.0, 48.0
-109.0, 48.0
-110.0, 48.0
-110.0, 48.0
-110.0, 48.0
-110.0, 48.0
-96.0, 59.0
-95.0, 59.0
-91.0, 47.0
-91.0, 47.0
-91.0, 47.0
-91.0, 49.0
-91.0, 50.0
-91.0, 49.0
-91.0, 47.0
-92.0, 47.0
-91.0, 46.0
-89.0, 48.0
-89.0, 48.0
-84.0, 48.0
-82.0, 48.0
-84.0, 48.0
-84.0, 48.0
-84.0, 48.0
-84.0, 48.0
-85.0, 49.0
-86.0, 50.0
-85.0, 50.0
-86.0, 49.0
-85.0, 49.0
-85.0, 49.0
-84.0, 49.0
-84.0, 50.0
-84.0, 49.0
-84.0, 50.0
-86.0, 47.0
-86.0, 47.0
-87.0, 48.0
-84.0, 48.0
-84.0, 48.0
-85.0, 47.0
-84.0, 47.0
-86.0, 49.0
-85.0, 49.0
-85.0, 49.0
-85.0, 47.0
-86.0, 50.0
-86.0, 50.0
-86.0, 46.0
-85.0, 46.0
-85.0, 45.0
-85.0, 45.0
-85.0, 45.0
-84.0, 45.0
-85.0, 45.0
-85.0, 45.0
-85.0, 45.0
-87.0, 45.0
-87.0, 44.0
-88.0, 45.0
-88.0, 45.0
-88.0, 45.0
-87.0, 44.0
-87.0, 44.0
-87.0, 44.0
-87.0, 45.0
-87.0, 46.0
-87.0, 47.0
-95.0, 47.0
-95.0, 48.0
-96.0, 47.0
-95.0, 47.0
-96.0, 49.0
-96.0, 49.0
-96.0, 49.0
-97.0, 51.0
-97.0, 51.0
-97.0, 50.0
-96.0, 50.0
-96.0, 50.0
-97.0, 50.0
-97.0, 50.0
-98.0, 50.0
-97.0, 50.0
-96.0, 47.0
-97.0, 49.0
-97.0, 49.0
-97.0, 49.0
-97.0, 49.0
-97.0, 47.0
-97.0, 48.0
-97.0, 48.0
-97.0, 49.0
-94.0, 47.0
-94.0, 47.0
-95.0, 47.0
-94.0, 47.0
-95.0, 47.0
-94.0, 48.0
-93.0, 48.0
-93.0, 48.0
-93.0, 48.0
-93.0, 48.0
-92.0, 47.0
-92.0, 48.0
-94.0, 52.0
-93.0, 51.0
-92.0, 50.0
-94.0, 52.0
-95.0, 52.0
-93.0, 53.0
-94.0, 52.0
-93.0, 53.0
-92.0, 50.0
-92.0, 51.0
-94.0, 50.0
-93.0, 50.0
-93.0, 53.0
-92.0, 52.0
-91.0, 52.0
-93.0, 53.0
-91.0, 51.0
-91.0, 51.0
-91.0, 51.0
-91.0, 52.0
-92.0, 51.0
-92.0, 51.0
-92.0, 52.0
-92.0, 52.0
-84.0, 53.0
-92.0, 52.0
-92.0, 51.0
-54.0, 27.0
-56.0, 26.0
-55.0, 26.0
-55.0, 27.0
-56.0, 28.0
-55.0, 27.0
-55.0, 27.0
-55.0, 29.0
-55.0, 30.0
-55.0, 29.0
-55.0, 29.0
-56.0, 28.0
-55.0, 30.0
-55.0, 30.0
-54.0, 29.0
-54.0, 29.0
-56.0, 27.0
-56.0, 27.0
-56.0, 27.0
-56.0, 27.0
-57.0, 26.0
-56.0, 28.0
-56.0, 28.0
-56.0, 28.0
-56.0, 28.0
-56.0, 24.0
-57.0, 25.0
-56.0, 24.0
-56.0, 27.0
-56.0, 26.0
-56.0, 26.0
-56.0, 26.0
-56.0, 26.0
-56.0, 26.0
-55.0, 25.0
-54.0, 25.0
-55.0, 23.0
-55.0, 26.0
-55.0, 26.0
-55.0, 26.0
-55.0, 25.0
-85.0, 26.0
-84.0, 26.0
-84.0, 25.0
-84.0, 24.0
-84.0, 24.0
-84.0, 24.0
-85.0, 24.0
-79.0, 28.0
-87.0, 32.0
-87.0, 32.0
-87.0, 32.0
-88.0, 31.0
-88.0, 32.0
-88.0, 32.0
-89.0, 33.0
-89.0, 32.0
-90.0, 41.0
-91.0, 36.0
-92.0, 36.0
-86.0, 30.0
-79.0, 27.0
-79.0, 28.0
-80.0, 26.0
-79.0, 26.0
-79.0, 25.0
-80.0, 24.0
-80.0, 24.0
-79.0, 26.0
-79.0, 26.0
-79.0, 29.0
-79.0, 25.0
-79.0, 25.0
-79.0, 26.0
-78.0, 25.0
-78.0, 30.0
-78.0, 31.0
-78.0, 30.0
-78.0, 30.0
-78.0, 30.0
-80.0, 32.0
-82.0, 40.0
-82.0, 40.0
-79.0, 32.0
-79.0, 32.0
-80.0, 33.0
-82.0, 32.0
-82.0, 32.0
-82.0, 32.0
-81.0, 32.0
-80.0, 32.0
-79.0, 32.0
-81.0, 40.0
-81.0, 40.0
-88.0, 37.0
-88.0, 37.0
-87.0, 38.0
-86.0, 37.0
-88.0, 41.0
-88.0, 41.0
-87.0, 41.0
-87.0, 41.0
-88.0, 40.0
-88.0, 41.0
-88.0, 40.0
-88.0, 39.0
-88.0, 38.0
-82.0, 36.0
-82.0, 36.0
-82.0, 36.0
-83.0, 35.0
-83.0, 35.0
-86.0, 37.0
-80.0, 35.0
-81.0, 37.0
-79.0, 35.0
-78.0, 34.0
-78.0, 34.0
-78.0, 34.0
-81.0, 35.0
-81.0, 36.0
-82.0, 36.0
-82.0, 36.0
-81.0, 36.0
-81.0, 36.0
-78.0, 33.0
-78.0, 33.0
-78.0, 33.0
-81.0, 33.0
-81.0, 33.0
-82.0, 33.0
-82.0, 33.0
-81.0, 33.0
-80.0, 33.0
-86.0, 35.0
-86.0, 35.0
-85.0, 39.0
-84.0, 37.0
-85.0, 35.0
-85.0, 35.0
-85.0, 35.0
-87.0, 35.0
-87.0, 36.0
-84.0, 35.0
-85.0, 34.0
-86.0, 36.0
-87.0, 36.0
-85.0, 37.0
-85.0, 37.0
-83.0, 35.0
-83.0, 36.0
-83.0, 36.0
-84.0, 37.0
-86.0, 38.0
-86.0, 38.0
-85.0, 37.0
-85.0, 37.0
-85.0, 26.0
-77.0, 37.0
-76.0, 36.0
-76.0, 36.0
-75.0, 36.0
-75.0, 38.0
-73.0, 38.0
-73.0, 34.0
-73.0, 34.0
-74.0, 34.0
-84.0, 33.0
-85.0, 33.0
-84.0, 33.0
-84.0, 34.0
-84.0, 34.0
-85.0, 34.0
-84.0, 33.0
-84.0, 33.0
-84.0, 32.0
-84.0, 33.0
-84.0, 33.0
-84.0, 34.0
-84.0, 33.0
-84.0, 33.0
-84.0, 33.0
-86.0, 33.0
-87.0, 33.0
-84.0, 34.0
-85.0, 34.0
-84.0, 34.0
-84.0, 34.0
-84.0, 34.0
-84.0, 33.0
-84.0, 33.0
-84.0, 34.0
-84.0, 34.0
-84.0, 34.0
-84.0, 34.0
-87.0, 34.0
-87.0, 34.0
-85.0, 33.0
-88.0, 27.0
-86.0, 27.0
-87.0, 27.0
-87.0, 28.0
-87.0, 27.0
-86.0, 32.0
-86.0, 32.0
-68.0, 47.0
-68.0, 47.0
-68.0, 47.0
-68.0, 47.0
-69.0, 47.0
-70.0, 47.0
-69.0, 48.0
-70.0, 48.0
-70.0, 49.0
-69.0, 48.0
-68.0, 48.0
-69.0, 49.0
-76.0, 56.0
-75.0, 55.0
-70.0, 56.0
-71.0, 56.0
-71.0, 55.0
-71.0, 57.0
-71.0, 57.0
-72.0, 56.0
-71.0, 57.0
-70.0, 56.0
-70.0, 56.0
-70.0, 56.0
-70.0, 56.0
-71.0, 56.0
-70.0, 56.0
-70.0, 56.0
-70.0, 56.0
-70.0, 57.0
-70.0, 56.0
-73.0, 56.0
-71.0, 56.0
-71.0, 54.0
-70.0, 55.0
-75.0, 54.0
-75.0, 54.0
-75.0, 54.0
-74.0, 54.0
-75.0, 54.0
-75.0, 54.0
-75.0, 54.0
-75.0, 54.0
-75.0, 54.0
-75.0, 54.0
-75.0, 53.0
-66.0, 52.0
-66.0, 52.0
-67.0, 52.0
-67.0, 51.0
-67.0, 51.0
-67.0, 51.0
-67.0, 52.0
-67.0, 53.0
-64.0, 51.0
-74.0, 46.0
-76.0, 44.0
-75.0, 44.0
-75.0, 44.0
-73.0, 47.0
-73.0, 48.0
-68.0, 47.0
-68.0, 46.0
-66.0, 47.0
-66.0, 48.0
-66.0, 48.0
-66.0, 48.0
-66.0, 48.0
-66.0, 48.0
-67.0, 48.0
-65.0, 44.0
-64.0, 46.0
-64.0, 46.0
-64.0, 46.0
-62.0, 46.0
-62.0, 47.0
-61.0, 45.0
-63.0, 45.0
-62.0, 45.0
-62.0, 45.0
-62.0, 45.0
-68.0, 41.0
-67.0, 41.0
-65.0, 41.0
-66.0, 42.0
-64.0, 42.0
-64.0, 42.0
-64.0, 41.0
-64.0, 42.0
-63.0, 42.0
-64.0, 41.0
-64.0, 41.0
-65.0, 41.0
-66.0, 48.0
-65.0, 47.0
-69.0, 40.0
-61.0, 49.0
-61.0, 49.0
-56.0, 50.0
-57.0, 51.0
-61.0, 49.0
-60.0, 49.0
-60.0, 49.0
-62.0, 46.0
-62.0, 47.0
-64.0, 48.0
-62.0, 47.0
-62.0, 48.0
-62.0, 48.0
-61.0, 47.0
-61.0, 49.0
-62.0, 49.0
-62.0, 49.0
-61.0, 50.0
-64.0, 48.0
-64.0, 48.0
-63.0, 48.0
-70.0, 52.0
-70.0, 52.0
-72.0, 52.0
-69.0, 54.0
-69.0, 54.0
-69.0, 53.0
-68.0, 53.0
-68.0, 52.0
-67.0, 52.0
-67.0, 52.0
-69.0, 51.0
-69.0, 51.0
-68.0, 51.0
-69.0, 51.0
-69.0, 53.0
-69.0, 53.0
-67.0, 52.0
-68.0, 52.0
-68.0, 53.0
-69.0, 51.0
-70.0, 52.0
-70.0, 52.0
-70.0, 52.0
-70.0, 52.0
-70.0, 52.0
-67.0, 50.0
-67.0, 49.0
-67.0, 49.0
-66.0, 49.0
-66.0, 50.0
-66.0, 49.0
-66.0, 49.0
-66.0, 49.0
-69.0, 48.0
-67.0, 47.0
-67.0, 47.0
-67.0, 49.0
-69.0, 48.0
-64.0, 48.0
-63.0, 48.0
-63.0, 48.0
-63.0, 48.0
-63.0, 48.0
-64.0, 48.0
-65.0, 47.0
-65.0, 47.0
-65.0, 48.0
-65.0, 47.0
-65.0, 47.0
-65.0, 46.0
-63.0, 52.0
-67.0, 49.0
-69.0, 49.0
-67.0, 48.0
-68.0, 48.0
-67.0, 49.0
-58.0, 50.0
-58.0, 50.0
-57.0, 50.0
-57.0, 52.0
-57.0, 52.0
-57.0, 52.0
-57.0, 52.0
-57.0, 51.0
-57.0, 50.0
-57.0, 51.0
-55.0, 48.0
-55.0, 48.0
-57.0, 49.0
-57.0, 47.0
-58.0, 46.0
-59.0, 54.0
-60.0, 54.0
-59.0, 57.0
-59.0, 57.0
-59.0, 57.0
-58.0, 56.0
-59.0, 56.0
-61.0, 53.0
-61.0, 53.0
-60.0, 54.0
-60.0, 54.0
-62.0, 43.0
-63.0, 42.0
-63.0, 42.0
-64.0, 42.0
-64.0, 42.0
-63.0, 42.0
-63.0, 43.0
-63.0, 43.0
-63.0, 44.0
-67.0, 39.0
-68.0, 39.0
-67.0, 41.0
-67.0, 41.0
-67.0, 41.0
-67.0, 42.0
-67.0, 41.0
-67.0, 41.0
-68.0, 41.0
-68.0, 41.0
-67.0, 42.0
-67.0, 42.0
-67.0, 42.0
-69.0, 41.0
-61.0, 40.0
-61.0, 39.0
-60.0, 39.0
-61.0, 39.0
-61.0, 39.0
-64.0, 40.0
-63.0, 40.0
-63.0, 40.0
-63.0, 40.0
-63.0, 39.0
-63.0, 39.0
-65.0, 39.0
-65.0, 40.0
-65.0, 39.0
-65.0, 42.0
-65.0, 41.0
-65.0, 42.0
-64.0, 41.0
-65.0, 41.0
-64.0, 41.0
-63.0, 51.0
-60.0, 51.0
-61.0, 51.0
-61.0, 51.0
-63.0, 51.0
-61.0, 52.0
-61.0, 52.0
-60.0, 53.0
-59.0, 52.0
-59.0, 52.0
-59.0, 51.0
-59.0, 52.0
-58.0, 51.0
-58.0, 51.0
-60.0, 52.0
-59.0, 51.0
-59.0, 52.0
-59.0, 52.0
-59.0, 52.0
-67.0, 51.0
-67.0, 51.0
-68.0, 51.0
-68.0, 51.0
-69.0, 55.0
-69.0, 55.0
-69.0, 55.0
-69.0, 55.0
-69.0, 55.0
-69.0, 54.0
-70.0, 55.0
-70.0, 55.0
-68.0, 53.0
-68.0, 52.0
-69.0, 53.0
-70.0, 47.0
-70.0, 47.0
-71.0, 48.0
-70.0, 48.0
-69.0, 43.0
-69.0, 43.0
-69.0, 43.0
-69.0, 46.0
-69.0, 46.0
-69.0, 45.0
-69.0, 45.0
-68.0, 44.0
-68.0, 44.0
-69.0, 45.0
-68.0, 41.0
-68.0, 41.0
-77.0, 49.0
-77.0, 49.0
-77.0, 51.0
-79.0, 50.0
-79.0, 50.0
-80.0, 51.0
-78.0, 52.0
-78.0, 52.0
-78.0, 51.0
-72.0, 53.0
-73.0, 53.0
-73.0, 53.0
-72.0, 54.0
-72.0, 54.0
-72.0, 54.0
-71.0, 55.0
-73.0, 54.0
-74.0, 56.0
-73.0, 55.0
-73.0, 55.0
-72.0, 55.0
-71.0, 54.0
-70.0, 54.0
-70.0, 58.0
-70.0, 58.0
-72.0, 58.0
-76.0, 58.0
-77.0, 58.0
-79.0, 56.0
-79.0, 57.0
-71.0, 52.0
-71.0, 52.0
-72.0, 50.0
-71.0, 50.0
-72.0, 51.0
-71.0, 49.0
-69.0, 54.0
-69.0, 54.0
-69.0, 54.0
-69.0, 54.0
-70.0, 54.0
-70.0, 53.0
-70.0, 53.0
-71.0, 53.0
-71.0, 53.0
-71.0, 53.0
-71.0, 53.0
-71.0, 54.0
-69.0, 53.0
-68.0, 53.0
-70.0, 52.0
-70.0, 54.0
-70.0, 52.0
-70.0, 52.0
-71.0, 54.0
-71.0, 54.0
-70.0, 56.0
-70.0, 56.0
-71.0, 54.0
-71.0, 54.0
-73.0, 53.0
-73.0, 53.0
-73.0, 53.0
-73.0, 53.0
-73.0, 53.0
-76.0, 57.0
-77.0, 52.0
-75.0, 53.0
-75.0, 53.0
-75.0, 53.0
-77.0, 53.0
-78.0, 53.0
-78.0, 53.0
-75.0, 53.0
-76.0, 53.0
-76.0, 53.0
-65.0, 57.0
-65.0, 57.0
-66.0, 58.0
-66.0, 58.0
-66.0, 58.0
-67.0, 58.0
-66.0, 58.0
-67.0, 60.0
-67.0, 60.0
-67.0, 59.0
-67.0, 57.0
-66.0, 59.0
-68.0, 59.0
-68.0, 58.0
-68.0, 59.0
-68.0, 59.0
-69.0, 58.0
-70.0, 61.0
-69.0, 61.0
-78.0, 49.0
-78.0, 49.0
-77.0, 48.0
-77.0, 47.0
-77.0, 48.0
-77.0, 48.0
-76.0, 47.0
-75.0, 45.0
-78.0, 50.0
-77.0, 50.0
-77.0, 50.0
-77.0, 44.0
-77.0, 44.0
-77.0, 44.0
-77.0, 44.0
-78.0, 46.0
-78.0, 46.0
-78.0, 45.0
-75.0, 44.0
-74.0, 46.0
-74.0, 44.0
-74.0, 44.0
-74.0, 43.0
-74.0, 43.0
-74.0, 44.0
-73.0, 44.0
-72.0, 44.0
-72.0, 44.0
-72.0, 43.0
-72.0, 43.0
-73.0, 44.0
-73.0, 44.0
-73.0, 45.0
-74.0, 42.0
-75.0, 43.0
-75.0, 43.0
-74.0, 43.0
-74.0, 43.0
-74.0, 43.0
-72.0, 42.0
-72.0, 42.0
-73.0, 44.0
-72.0, 42.0
-72.0, 42.0
-72.0, 42.0
-72.0, 42.0
-72.0, 42.0
-72.0, 46.0
-71.0, 46.0
-71.0, 46.0
-71.0, 45.0
-72.0, 46.0
-75.0, 45.0
-75.0, 45.0
-75.0, 45.0
-74.0, 45.0
-74.0, 45.0
-74.0, 46.0
-74.0, 44.0
-75.0, 45.0
-74.0, 46.0
-70.0, 45.0
-74.0, 44.0
-74.0, 44.0
-74.0, 44.0
-74.0, 44.0
-74.0, 44.0
-73.0, 42.0
-73.0, 42.0
-80.0, 43.0
-81.0, 45.0
-81.0, 45.0
-80.0, 45.0
-81.0, 45.0
-82.0, 44.0
-81.0, 44.0
-80.0, 45.0
-80.0, 44.0
-79.0, 45.0
-79.0, 45.0
-78.0, 43.0
-77.0, 44.0
-77.0, 44.0
-77.0, 44.0
-78.0, 44.0
-78.0, 45.0
-77.0, 44.0
-77.0, 45.0
-80.0, 43.0
-78.0, 44.0
-77.0, 44.0
-76.0, 46.0
-76.0, 46.0
-76.0, 45.0
-76.0, 46.0
-76.0, 45.0
-76.0, 46.0
-76.0, 45.0
-78.0, 44.0
-75.0, 46.0
-76.0, 46.0
-77.0, 45.0
-77.0, 46.0
-77.0, 45.0
-77.0, 47.0
-77.0, 47.0
-77.0, 45.0
-80.0, 45.0
-80.0, 43.0
-79.0, 44.0
-81.0, 44.0
-80.0, 45.0
-80.0, 45.0
-80.0, 45.0
-80.0, 45.0
-80.0, 45.0
-80.0, 44.0
-79.0, 45.0
-80.0, 45.0
-80.0, 44.0
-80.0, 44.0
-80.0, 45.0
-80.0, 41.0
-80.0, 41.0
-80.0, 41.0
-80.0, 41.0
-80.0, 41.0
-79.0, 41.0
-77.0, 44.0
-76.0, 45.0
-81.0, 43.0
-80.0, 44.0
-79.0, 44.0
-80.0, 44.0
-80.0, 43.0
-80.0, 44.0
-80.0, 42.0
-80.0, 42.0
-79.0, 44.0
-80.0, 43.0
-74.0, 56.0
-74.0, 56.0
-69.0, 63.0
-70.0, 59.0
-70.0, 59.0
-71.0, 59.0
-70.0, 61.0
-70.0, 61.0
-69.0, 60.0
-69.0, 60.0
-69.0, 60.0
-69.0, 60.0
-71.0, 61.0
-71.0, 60.0
-72.0, 58.0
-71.0, 60.0
-72.0, 60.0
-71.0, 59.0
-71.0, 59.0
-71.0, 59.0
-67.0, 68.0
-66.0, 69.0
-66.0, 69.0
-68.0, 67.0
-70.0, 65.0
-70.0, 65.0
-70.0, 66.0
-70.0, 66.0
-70.0, 66.0
-70.0, 66.0
-70.0, 64.0
-70.0, 68.0
-70.0, 68.0
-60.0, 50.0
-60.0, 52.0
-60.0, 52.0
-59.0, 51.0
-60.0, 51.0
-59.0, 50.0
-60.0, 50.0
-60.0, 49.0
-59.0, 49.0
-61.0, 49.0
-61.0, 49.0
-61.0, 49.0
-59.0, 49.0
-67.0, 60.0
-67.0, 61.0
-64.0, 59.0
-64.0, 59.0
-83.0, 37.0
-84.0, 36.0
-84.0, 36.0
-85.0, 36.0
-86.0, 37.0
-86.0, 35.0
-85.0, 35.0
-86.0, 35.0
-88.0, 37.0
-88.0, 36.0
-88.0, 36.0
-88.0, 37.0
-87.0, 37.0
-89.0, 37.0
-89.0, 37.0
-89.0, 35.0
-89.0, 35.0
-89.0, 35.0
-87.0, 35.0
-87.0, 35.0
-86.0, 35.0
-87.0, 35.0
-87.0, 35.0
-82.0, 39.0
-82.0, 39.0
-83.0, 38.0
-83.0, 38.0
-83.0, 38.0
-83.0, 39.0
-84.0, 35.0
-84.0, 35.0
-85.0, 35.0
-86.0, 36.0
-86.0, 36.0
-87.0, 37.0
-87.0, 37.0
-86.0, 38.0
-88.0, 34.0
-88.0, 34.0
-88.0, 34.0
-88.0, 35.0
-88.0, 34.0
-88.0, 34.0
-88.0, 34.0
-89.0, 34.0
-87.0, 35.0
-88.0, 34.0
-88.0, 34.0
-87.0, 34.0
-88.0, 36.0
-88.0, 36.0
-88.0, 36.0
-86.0, 37.0
-86.0, 37.0
-86.0, 37.0
-86.0, 37.0
-86.0, 36.0
-86.0, 36.0
-87.0, 36.0
-87.0, 36.0
-86.0, 37.0
-86.0, 37.0
-86.0, 37.0
-85.0, 38.0
-85.0, 38.0
-86.0, 38.0
-83.0, 38.0
-83.0, 39.0
-85.0, 37.0
-85.0, 37.0
-86.0, 38.0
-86.0, 38.0
-85.0, 37.0
-85.0, 37.0
-86.0, 37.0
-86.0, 37.0
-87.0, 36.0
-83.0, 34.0
-83.0, 35.0
-82.0, 36.0
-82.0, 36.0
-82.0, 35.0
-83.0, 35.0
-82.0, 34.0
-80.0, 33.0
-80.0, 34.0
-80.0, 34.0
-80.0, 33.0
-82.0, 35.0
-82.0, 35.0
-82.0, 35.0
-82.0, 35.0
-83.0, 34.0
-83.0, 36.0
-80.0, 27.0
-80.0, 28.0
-80.0, 27.0
-80.0, 27.0
-80.0, 26.0
-80.0, 26.0
-80.0, 31.0
-80.0, 29.0
-81.0, 29.0
-81.0, 28.0
-77.0, 43.0
-77.0, 43.0
-77.0, 42.0
-78.0, 42.0
-85.0, 31.0
-85.0, 31.0
-87.0, 31.0
-86.0, 40.0
-86.0, 41.0
-86.0, 41.0
-85.0, 39.0
-85.0, 39.0
-85.0, 39.0
-85.0, 38.0
-86.0, 41.0
-86.0, 41.0
-88.0, 39.0
-88.0, 39.0
-86.0, 38.0
-86.0, 41.0
-73.0, 38.0
-73.0, 38.0
-74.0, 38.0
-74.0, 37.0
-75.0, 34.0
-74.0, 34.0
-75.0, 34.0
-76.0, 34.0
-75.0, 34.0
-75.0, 34.0
-75.0, 34.0
-75.0, 33.0
-75.0, 33.0
-73.0, 32.0
-74.0, 32.0
-71.0, 34.0
-72.0, 35.0
-71.0, 35.0
-71.0, 35.0
-71.0, 35.0
-72.0, 34.0
-72.0, 34.0
-72.0, 35.0
-73.0, 33.0
-73.0, 34.0
-73.0, 33.0
-72.0, 33.0
-73.0, 33.0
-73.0, 32.0
-72.0, 33.0
-72.0, 38.0
-72.0, 38.0
-72.0, 36.0
-71.0, 35.0
-71.0, 35.0
-71.0, 35.0
-70.0, 35.0
-72.0, 35.0
-72.0, 35.0
-72.0, 35.0
-72.0, 35.0
-72.0, 33.0
-71.0, 34.0
-74.0, 33.0
-74.0, 33.0
-67.0, 32.0
-66.0, 31.0
-69.0, 33.0
-68.0, 33.0
-69.0, 32.0
-69.0, 33.0
-68.0, 34.0
-69.0, 35.0
-68.0, 34.0
-68.0, 34.0
-68.0, 35.0
-70.0, 34.0
-70.0, 34.0
-71.0, 34.0
-71.0, 33.0
-71.0, 35.0
-71.0, 34.0
-71.0, 34.0
-69.0, 42.0
-68.0, 40.0
-68.0, 40.0
-69.0, 40.0
-67.0, 40.0
-68.0, 40.0
-70.0, 40.0
-70.0, 42.0
-69.0, 44.0
-69.0, 44.0
-69.0, 43.0
-69.0, 43.0
-69.0, 43.0
-69.0, 43.0
-69.0, 43.0
-69.0, 43.0
-69.0, 43.0
-68.0, 43.0
-68.0, 43.0
-68.0, 40.0
-68.0, 40.0
-68.0, 40.0
-67.0, 40.0
-68.0, 42.0
-69.0, 39.0
-76.0, 31.0
-76.0, 32.0
-72.0, 36.0
-72.0, 35.0
-72.0, 35.0
-71.0, 35.0
-72.0, 35.0
-72.0, 34.0
-74.0, 34.0
-74.0, 34.0
-71.0, 37.0
-72.0, 36.0
-72.0, 37.0
-71.0, 36.0
-71.0, 36.0
-69.0, 36.0
-72.0, 39.0
-72.0, 41.0
-72.0, 40.0
-72.0, 38.0
-72.0, 38.0
-73.0, 38.0
-74.0, 38.0
-74.0, 38.0
-73.0, 37.0
-73.0, 38.0
-73.0, 40.0
-79.0, 41.0
-76.0, 40.0
-76.0, 40.0
-76.0, 33.0
-77.0, 33.0
-76.0, 33.0
-76.0, 33.0
-76.0, 34.0
-76.0, 34.0
-76.0, 35.0
-76.0, 34.0
-76.0, 34.0
-76.0, 34.0
-78.0, 34.0
-76.0, 37.0
-77.0, 38.0
-77.0, 38.0
-76.0, 38.0
-79.0, 38.0
-79.0, 38.0
-75.0, 38.0
-75.0, 39.0
-75.0, 39.0
-71.0, 34.0
-71.0, 34.0
-71.0, 34.0
-70.0, 35.0
-70.0, 36.0
-71.0, 37.0
-71.0, 36.0
-71.0, 38.0
-71.0, 38.0
-71.0, 37.0
-71.0, 37.0
-75.0, 38.0
-75.0, 37.0
-75.0, 37.0
-75.0, 37.0
-74.0, 36.0
-74.0, 35.0
-74.0, 36.0
-72.0, 30.0
-72.0, 30.0
-74.0, 30.0
-73.0, 30.0
-73.0, 30.0
-73.0, 30.0
-73.0, 30.0
-74.0, 30.0
-74.0, 30.0
-74.0, 30.0
-73.0, 29.0
-73.0, 29.0
-73.0, 30.0
-73.0, 30.0
-74.0, 31.0
-72.0, 31.0
-72.0, 31.0
-72.0, 31.0
-72.0, 32.0
-72.0, 31.0
-72.0, 31.0
-72.0, 32.0
-73.0, 31.0
-71.0, 32.0
-71.0, 31.0
-71.0, 31.0
-72.0, 33.0
-72.0, 33.0
-73.0, 33.0
-73.0, 33.0
-73.0, 33.0
-72.0, 33.0
-70.0, 32.0
-71.0, 32.0
-71.0, 32.0
-75.0, 33.0
-76.0, 33.0
-70.0, 34.0
-71.0, 34.0
-70.0, 34.0
-70.0, 34.0
-69.0, 34.0
-70.0, 34.0
-74.0, 36.0
-74.0, 35.0
-74.0, 35.0
-75.0, 35.0
-74.0, 35.0
-74.0, 35.0
-73.0, 34.0
-73.0, 34.0
-76.0, 38.0
-75.0, 36.0
-75.0, 36.0
-76.0, 37.0
-76.0, 36.0
-76.0, 36.0
-76.0, 36.0
-76.0, 36.0
-77.0, 36.0
-74.0, 35.0
-73.0, 37.0
-72.0, 34.0
-75.0, 35.0
-75.0, 35.0
-75.0, 36.0
-79.0, 52.0
-79.0, 51.0
-79.0, 51.0
-80.0, 52.0
-80.0, 52.0
-71.0, 51.0
-71.0, 51.0
-70.0, 49.0
-70.0, 49.0
-70.0, 49.0
-70.0, 49.0
-70.0, 51.0
-70.0, 51.0
-70.0, 51.0
-70.0, 50.0
-70.0, 51.0
-69.0, 50.0
-68.0, 49.0
-70.0, 47.0
-70.0, 47.0
-70.0, 49.0
-70.0, 49.0
-70.0, 48.0
-70.0, 48.0
-68.0, 48.0
-68.0, 48.0
-78.0, 53.0
-78.0, 53.0
-78.0, 53.0
-77.0, 54.0
-78.0, 52.0
-79.0, 49.0
-76.0, 45.0
-77.0, 52.0
-78.0, 53.0
-78.0, 53.0
-78.0, 53.0
-79.0, 52.0
-79.0, 54.0
-79.0, 53.0
-80.0, 52.0
-79.0, 52.0
-80.0, 47.0
-80.0, 47.0
-80.0, 46.0
-76.0, 47.0
-76.0, 47.0
-71.0, 56.0
-72.0, 56.0
-69.0, 57.0
-72.0, 50.0
-73.0, 50.0
-71.0, 47.0
-71.0, 48.0
-74.0, 48.0
-75.0, 48.0
-73.0, 48.0
-73.0, 48.0
-74.0, 48.0
-74.0, 47.0
-74.0, 47.0
-74.0, 47.0
-82.0, 58.0
-82.0, 57.0
-83.0, 53.0
-83.0, 53.0
-85.0, 51.0
-85.0, 51.0
-85.0, 50.0
-85.0, 50.0
-85.0, 50.0
-85.0, 50.0
-83.0, 50.0
-83.0, 51.0
-83.0, 51.0
-81.0, 51.0
-81.0, 51.0
-81.0, 51.0
-84.0, 49.0
-80.0, 52.0
-79.0, 52.0
-80.0, 52.0
-80.0, 52.0
-79.0, 52.0
-81.0, 54.0
-81.0, 53.0
-80.0, 52.0
-82.0, 51.0
-82.0, 51.0
-81.0, 52.0
-82.0, 46.0
-82.0, 45.0
-82.0, 45.0
-84.0, 49.0
-84.0, 50.0
-84.0, 50.0
-84.0, 49.0
-84.0, 49.0
-83.0, 48.0
-83.0, 49.0
-81.0, 49.0
-81.0, 49.0
-82.0, 49.0
-81.0, 49.0
-81.0, 49.0
-81.0, 49.0
-86.0, 49.0
-86.0, 49.0
-85.0, 51.0
-85.0, 51.0
-85.0, 52.0
-85.0, 52.0
-86.0, 51.0
-86.0, 51.0
-87.0, 49.0
-86.0, 50.0
-86.0, 50.0
-86.0, 50.0
-86.0, 50.0
-86.0, 51.0
-86.0, 50.0
-85.0, 49.0
-85.0, 50.0
-88.0, 53.0
-87.0, 53.0
-87.0, 53.0
-87.0, 53.0
-90.0, 52.0
-90.0, 51.0
-87.0, 53.0
-90.0, 51.0
-86.0, 46.0
-87.0, 46.0
-86.0, 46.0
-86.0, 45.0
-84.0, 46.0
-84.0, 46.0
-83.0, 49.0
-83.0, 49.0
-83.0, 48.0
-81.0, 44.0
-77.0, 41.0
-77.0, 41.0
-77.0, 41.0
-76.0, 39.0
-77.0, 37.0
-78.0, 37.0
-77.0, 37.0
-78.0, 37.0
-77.0, 37.0
-77.0, 37.0
-76.0, 41.0
-77.0, 43.0
-77.0, 42.0
-76.0, 42.0
-77.0, 41.0
-77.0, 40.0
-77.0, 41.0
-77.0, 41.0
-77.0, 41.0
-77.0, 42.0
-75.0, 44.0
-75.0, 44.0
-76.0, 44.0
-105.0, 61.0
-106.0, 61.0
-107.0, 60.0
-106.0, 60.0
-106.0, 60.0
-106.0, 60.0
-107.0, 61.0
-107.0, 60.0
-107.0, 60.0
-94.0, 57.0
-94.0, 57.0
-96.0, 57.0
-93.0, 51.0
-93.0, 52.0
-94.0, 52.0
-93.0, 52.0
-96.0, 53.0
-96.0, 54.0
-95.0, 54.0
-98.0, 52.0
-98.0, 52.0
-97.0, 52.0
-97.0, 51.0
-98.0, 53.0
-99.0, 53.0
-99.0, 52.0
-99.0, 54.0
-99.0, 54.0
-99.0, 54.0
-100.0, 53.0
-99.0, 53.0
-98.0, 54.0
-98.0, 55.0
-99.0, 53.0
-99.0, 55.0
-98.0, 54.0
-98.0, 53.0
-98.0, 54.0
-99.0, 54.0
-99.0, 54.0
-99.0, 54.0
-98.0, 53.0
-97.0, 53.0
-97.0, 53.0
-97.0, 55.0
-96.0, 55.0
-99.0, 55.0
-99.0, 55.0
-100.0, 50.0
-100.0, 50.0
-100.0, 49.0
-102.0, 53.0
-102.0, 53.0
-102.0, 52.0
-102.0, 53.0
-102.0, 53.0
-101.0, 52.0
-101.0, 51.0
-99.0, 55.0
-98.0, 51.0
-98.0, 52.0
-99.0, 51.0
-98.0, 51.0
-99.0, 50.0
-99.0, 50.0
-99.0, 51.0
-100.0, 51.0
-99.0, 49.0
-99.0, 46.0
-98.0, 46.0
-103.0, 40.0
-103.0, 40.0
-102.0, 41.0
-103.0, 41.0
-104.0, 40.0
-104.0, 40.0
-104.0, 41.0
-103.0, 41.0
-104.0, 40.0
-103.0, 41.0
-103.0, 41.0
-103.0, 43.0
-102.0, 41.0
-101.0, 41.0
-101.0, 41.0
-99.0, 42.0
-100.0, 42.0
-101.0, 40.0
-100.0, 41.0
-99.0, 48.0
-99.0, 49.0
-98.0, 48.0
-113.0, 61.0
-113.0, 61.0
-113.0, 61.0
-113.0, 63.0
-113.0, 61.0
-113.0, 61.0
-114.0, 61.0
-113.0, 61.0
-113.0, 61.0
-113.0, 60.0
-113.0, 61.0
-113.0, 59.0
-113.0, 61.0
-113.0, 59.0
-113.0, 59.0
-112.0, 59.0
-112.0, 59.0
-113.0, 58.0
-113.0, 59.0
-113.0, 60.0
-113.0, 61.0
-114.0, 61.0
-112.0, 60.0
-112.0, 60.0
-113.0, 59.0
-113.0, 59.0
-113.0, 60.0
-113.0, 62.0
-113.0, 62.0
-113.0, 61.0
-113.0, 62.0
-114.0, 62.0
-113.0, 62.0
-114.0, 62.0
-113.0, 62.0
-113.0, 63.0
-124.0, 64.0
-125.0, 64.0
-125.0, 64.0
-125.0, 64.0
-125.0, 64.0
-124.0, 63.0
-124.0, 63.0
-124.0, 64.0
-124.0, 64.0
-124.0, 59.0
-125.0, 59.0
-125.0, 59.0
-126.0, 59.0
-126.0, 59.0
-125.0, 61.0
-126.0, 61.0
-127.0, 60.0
-122.0, 62.0
-123.0, 60.0
-123.0, 60.0
-123.0, 60.0
-122.0, 63.0
-122.0, 62.0
-121.0, 63.0
-121.0, 63.0
-124.0, 62.0
-124.0, 62.0
-125.0, 62.0
-124.0, 62.0
-121.0, 61.0
-122.0, 62.0
-122.0, 62.0
-121.0, 60.0
-122.0, 60.0
-121.0, 60.0
-121.0, 60.0
-124.0, 63.0
-125.0, 59.0
-125.0, 60.0
-126.0, 60.0
-124.0, 60.0
-123.0, 60.0
-123.0, 60.0
-123.0, 62.0
-123.0, 62.0
-124.0, 61.0
-125.0, 61.0
-125.0, 62.0
-124.0, 61.0
-125.0, 61.0
-125.0, 62.0
-124.0, 61.0
-124.0, 61.0
-123.0, 62.0
-123.0, 62.0
-123.0, 62.0
-123.0, 62.0
-124.0, 64.0
-125.0, 62.0
-124.0, 64.0
-125.0, 64.0
-123.0, 62.0
-124.0, 61.0
-124.0, 61.0
-125.0, 60.0
-125.0, 61.0
-123.0, 62.0
-123.0, 62.0
-123.0, 62.0
-124.0, 62.0
-124.0, 64.0
-125.0, 65.0
-125.0, 65.0
-125.0, 65.0
-126.0, 65.0
-126.0, 65.0
-124.0, 64.0
-125.0, 65.0
-125.0, 64.0
-124.0, 65.0
-121.0, 65.0
-121.0, 65.0
-121.0, 65.0
-121.0, 64.0
-121.0, 65.0
-122.0, 64.0
-123.0, 64.0
-123.0, 63.0
-124.0, 66.0
-124.0, 64.0
-123.0, 66.0
-122.0, 63.0
-122.0, 64.0
-122.0, 64.0
-122.0, 64.0
-122.0, 64.0
-119.0, 65.0
-119.0, 65.0
-116.0, 64.0
-115.0, 63.0
-116.0, 62.0
-116.0, 63.0
-116.0, 62.0
-117.0, 62.0
-117.0, 64.0
-117.0, 63.0
-117.0, 63.0
-117.0, 64.0
-123.0, 65.0
-121.0, 64.0
-121.0, 66.0
-120.0, 66.0
-121.0, 66.0
-123.0, 64.0
-124.0, 65.0
-125.0, 65.0
-123.0, 63.0
-123.0, 62.0
-123.0, 63.0
-127.0, 66.0
-123.0, 65.0
-124.0, 64.0
-124.0, 64.0
-124.0, 65.0
-124.0, 65.0
-125.0, 69.0
-124.0, 70.0
-124.0, 70.0
-125.0, 70.0
-125.0, 70.0
-125.0, 69.0
-125.0, 68.0
-125.0, 69.0
-125.0, 68.0
-126.0, 68.0
-126.0, 68.0
-126.0, 68.0
-125.0, 68.0
-125.0, 69.0
-126.0, 69.0
-130.0, 68.0
-131.0, 67.0
-129.0, 69.0
-130.0, 69.0
-128.0, 68.0
-130.0, 67.0
-131.0, 67.0
-131.0, 67.0
-135.0, 61.0
-133.0, 60.0
-133.0, 60.0
-133.0, 61.0
-133.0, 61.0
-133.0, 61.0
-133.0, 61.0
-134.0, 61.0
-133.0, 61.0
-133.0, 60.0
-133.0, 59.0
-133.0, 59.0
-133.0, 59.0
-133.0, 60.0
-134.0, 60.0
-134.0, 60.0
-134.0, 60.0
-133.0, 59.0
-133.0, 59.0
-133.0, 59.0
-133.0, 60.0
-132.0, 59.0
-131.0, 59.0
-132.0, 58.0
-137.0, 66.0
-133.0, 64.0
-132.0, 62.0
-131.0, 62.0
-132.0, 62.0
-132.0, 62.0
-131.0, 63.0
-130.0, 65.0
-130.0, 65.0
-129.0, 66.0
-134.0, 65.0
-134.0, 65.0
-133.0, 65.0
-133.0, 66.0
-133.0, 66.0
-134.0, 66.0
-132.0, 66.0
-132.0, 65.0
-132.0, 66.0
-132.0, 65.0
-132.0, 65.0
-132.0, 65.0
-130.0, 63.0
-130.0, 63.0
-130.0, 61.0
-131.0, 61.0
-130.0, 62.0
-135.0, 63.0
-135.0, 63.0
-133.0, 62.0
-132.0, 62.0
-133.0, 62.0
-134.0, 62.0
-136.0, 62.0
-131.0, 63.0
-122.0, 63.0
-122.0, 63.0
-119.0, 63.0
-127.0, 65.0
-126.0, 66.0
-127.0, 65.0
-127.0, 64.0
-127.0, 65.0
-127.0, 65.0
-128.0, 64.0
-126.0, 64.0
-127.0, 64.0
-127.0, 63.0
-128.0, 64.0
-126.0, 63.0
-126.0, 63.0
-126.0, 63.0
-125.0, 62.0
-125.0, 62.0
-125.0, 62.0
-119.0, 65.0
-119.0, 65.0
-117.0, 65.0
-117.0, 65.0
-121.0, 61.0
-119.0, 64.0
-121.0, 62.0
-123.0, 60.0
-123.0, 60.0
-122.0, 62.0
-122.0, 63.0
-123.0, 62.0
-124.0, 66.0
-124.0, 66.0
-124.0, 65.0
-126.0, 63.0
-128.0, 64.0
-128.0, 64.0
-128.0, 64.0
-128.0, 64.0
-129.0, 65.0
-128.0, 65.0
-127.0, 65.0
-127.0, 64.0
-127.0, 64.0
-127.0, 64.0
-128.0, 64.0
-128.0, 63.0
-128.0, 63.0
-121.0, 57.0
-121.0, 58.0
-122.0, 58.0
-121.0, 57.0
-121.0, 58.0
-120.0, 56.0
-121.0, 56.0
-121.0, 58.0
-123.0, 57.0
-122.0, 57.0
-124.0, 60.0
-123.0, 60.0
-124.0, 59.0
-123.0, 58.0
-123.0, 58.0
-124.0, 59.0
-124.0, 59.0
-123.0, 57.0
-124.0, 57.0
-123.0, 60.0
-123.0, 60.0
-123.0, 60.0
-123.0, 60.0
-123.0, 60.0
-123.0, 61.0
-123.0, 61.0
-125.0, 60.0
-126.0, 60.0
-123.0, 58.0
-122.0, 59.0
-122.0, 58.0
-123.0, 58.0
-123.0, 58.0
-123.0, 59.0
-123.0, 57.0
-125.0, 59.0
-122.0, 59.0
-121.0, 59.0
-121.0, 59.0
-123.0, 58.0
-126.0, 58.0
-126.0, 58.0
-128.0, 59.0
-128.0, 61.0
-128.0, 61.0
-127.0, 60.0
-122.0, 63.0
-122.0, 63.0
-127.0, 61.0
-128.0, 62.0
-128.0, 62.0
-127.0, 61.0
-126.0, 61.0
-128.0, 61.0
-128.0, 60.0
-128.0, 61.0
-128.0, 61.0
-127.0, 62.0
-125.0, 62.0
-125.0, 62.0
-125.0, 62.0
-125.0, 62.0
-124.0, 62.0
-123.0, 61.0
-124.0, 62.0
-124.0, 63.0
-125.0, 61.0
-125.0, 61.0
-125.0, 61.0
-125.0, 61.0
-125.0, 62.0
-125.0, 61.0
-125.0, 62.0
-125.0, 61.0
-126.0, 66.0
-126.0, 67.0
-126.0, 66.0
-125.0, 66.0
-126.0, 67.0
-125.0, 67.0
-124.0, 66.0
-124.0, 67.0
-125.0, 66.0
-124.0, 66.0
-127.0, 65.0
-127.0, 65.0
-128.0, 62.0
-128.0, 61.0
-129.0, 62.0
-129.0, 60.0
-128.0, 59.0
-127.0, 59.0
-129.0, 60.0
-127.0, 62.0
-126.0, 62.0
-126.0, 60.0
-127.0, 61.0
-125.0, 65.0
-125.0, 65.0
-124.0, 66.0
-126.0, 61.0
-124.0, 61.0
-124.0, 61.0
-122.0, 60.0
-123.0, 59.0
-123.0, 58.0
-123.0, 58.0
-123.0, 58.0
-123.0, 57.0
-124.0, 67.0
-124.0, 67.0
-124.0, 66.0
-126.0, 60.0
-126.0, 60.0
-126.0, 59.0
-127.0, 59.0
-126.0, 60.0
-126.0, 60.0
-126.0, 60.0
-126.0, 61.0
-126.0, 60.0
-127.0, 59.0
-126.0, 61.0
-127.0, 58.0
-126.0, 58.0
-126.0, 59.0
-126.0, 58.0
-126.0, 57.0
-126.0, 57.0
-126.0, 56.0
-127.0, 61.0
-126.0, 61.0
-130.0, 61.0
-130.0, 59.0
-130.0, 61.0
-127.0, 62.0
-131.0, 60.0
-132.0, 60.0
-131.0, 60.0
-131.0, 60.0
-126.0, 60.0
-126.0, 60.0
-127.0, 59.0
-126.0, 60.0
-127.0, 63.0
-126.0, 65.0
-130.0, 64.0
-130.0, 64.0
-128.0, 62.0
-125.0, 62.0
-125.0, 61.0
-125.0, 61.0
-124.0, 61.0
-124.0, 63.0
-124.0, 63.0
-125.0, 65.0
-126.0, 65.0
-126.0, 64.0
-126.0, 63.0
-126.0, 65.0
-126.0, 63.0
-126.0, 63.0
-125.0, 64.0
-126.0, 65.0
-124.0, 66.0
-127.0, 66.0
-127.0, 64.0
-127.0, 66.0
-127.0, 66.0
-126.0, 64.0
-123.0, 68.0
-123.0, 68.0
-123.0, 68.0
-126.0, 68.0
-126.0, 68.0
-126.0, 68.0
-126.0, 67.0
-125.0, 67.0
-125.0, 67.0
-125.0, 66.0
-124.0, 66.0
-124.0, 66.0
-124.0, 66.0
-125.0, 66.0
-125.0, 65.0
-124.0, 66.0
-125.0, 66.0
-125.0, 65.0
-125.0, 66.0
-125.0, 65.0
-125.0, 66.0
-126.0, 66.0
-123.0, 62.0
-123.0, 62.0
-123.0, 62.0
-123.0, 62.0
-124.0, 65.0
-124.0, 65.0
-122.0, 65.0
-122.0, 65.0
-122.0, 66.0
-122.0, 63.0
-122.0, 64.0
-122.0, 64.0
-122.0, 63.0
-121.0, 65.0
-121.0, 64.0
-121.0, 65.0
-122.0, 62.0
-121.0, 63.0
-125.0, 52.0
-126.0, 53.0
-125.0, 52.0
-126.0, 52.0
-125.0, 52.0
-125.0, 52.0
-125.0, 51.0
-125.0, 51.0
-125.0, 52.0
-125.0, 50.0
-122.0, 52.0
-122.0, 52.0
-122.0, 52.0
-122.0, 53.0
-122.0, 52.0
-122.0, 53.0
-122.0, 53.0
-126.0, 54.0
-125.0, 54.0
-123.0, 54.0
-123.0, 54.0
-123.0, 54.0
-123.0, 53.0
-122.0, 55.0
-123.0, 55.0
-122.0, 55.0
-123.0, 55.0
-123.0, 55.0
-123.0, 54.0
-123.0, 56.0
-123.0, 56.0
-122.0, 56.0
-123.0, 56.0
-123.0, 56.0
-123.0, 56.0
-123.0, 51.0
-122.0, 50.0
-123.0, 50.0
-123.0, 50.0
-122.0, 51.0
-122.0, 51.0
-122.0, 52.0
-122.0, 53.0
-116.0, 50.0
-116.0, 51.0
-116.0, 51.0
-116.0, 51.0
-119.0, 53.0
-118.0, 54.0
-117.0, 54.0
-117.0, 52.0
-116.0, 50.0
-116.0, 50.0
-116.0, 52.0
-117.0, 52.0
-117.0, 52.0
-117.0, 52.0
-117.0, 52.0
-117.0, 52.0
-117.0, 52.0
-120.0, 57.0
-120.0, 57.0
-120.0, 57.0
-120.0, 57.0
-120.0, 57.0
-120.0, 57.0
-121.0, 57.0
-121.0, 57.0
-116.0, 56.0
-116.0, 55.0
-116.0, 56.0
-116.0, 56.0
-115.0, 55.0
-115.0, 56.0
-115.0, 56.0
-114.0, 56.0
-115.0, 56.0
-115.0, 57.0
-115.0, 57.0
-96.0, 58.0
-96.0, 58.0
-99.0, 58.0
-99.0, 58.0
-98.0, 59.0
-100.0, 57.0
-100.0, 57.0
-103.0, 56.0
-103.0, 56.0
-103.0, 56.0
-103.0, 55.0
-103.0, 57.0
-104.0, 57.0
-102.0, 57.0
-102.0, 57.0
-102.0, 57.0
-102.0, 56.0
-102.0, 57.0
-104.0, 57.0
-97.0, 54.0
-98.0, 54.0
-99.0, 53.0
-99.0, 53.0
-99.0, 51.0
-99.0, 52.0
-98.0, 52.0
-99.0, 53.0
-97.0, 54.0
-99.0, 54.0
-100.0, 53.0
-99.0, 52.0
-99.0, 53.0
-99.0, 53.0
-98.0, 53.0
-98.0, 53.0
-99.0, 52.0
-99.0, 53.0
-99.0, 53.0
-99.0, 53.0
-98.0, 53.0
-98.0, 53.0
-98.0, 53.0
-97.0, 55.0
-97.0, 53.0
-97.0, 53.0
-97.0, 52.0
-97.0, 53.0
-97.0, 53.0
-98.0, 53.0
-98.0, 53.0
-99.0, 53.0
-98.0, 55.0
-98.0, 55.0
-98.0, 55.0
-98.0, 55.0
-98.0, 55.0
-98.0, 56.0
-97.0, 53.0
-97.0, 53.0
-97.0, 53.0
-99.0, 56.0
-99.0, 56.0
-98.0, 54.0
-98.0, 54.0
-98.0, 53.0
-98.0, 53.0
-103.0, 56.0
-103.0, 56.0
-103.0, 56.0
-103.0, 56.0
-103.0, 53.0
-101.0, 56.0
-101.0, 56.0
-101.0, 56.0
-101.0, 56.0
-102.0, 56.0
-102.0, 56.0
-103.0, 56.0
-103.0, 56.0
-102.0, 55.0
-102.0, 55.0
-102.0, 55.0
-102.0, 54.0
-104.0, 56.0
-102.0, 55.0
-103.0, 53.0
-103.0, 53.0
-102.0, 53.0
-102.0, 54.0
-101.0, 55.0
-102.0, 54.0
-102.0, 54.0
-100.0, 55.0
-100.0, 53.0
-100.0, 53.0
-100.0, 53.0
-88.0, 34.0
-88.0, 35.0
-88.0, 35.0
-90.0, 34.0
-90.0, 34.0
-90.0, 33.0
-90.0, 33.0
-90.0, 33.0
-90.0, 33.0
-90.0, 32.0
-90.0, 31.0
-90.0, 33.0
-90.0, 33.0
-91.0, 32.0
-90.0, 32.0
-89.0, 31.0
-87.0, 35.0
-87.0, 35.0
-87.0, 35.0
-88.0, 36.0
-88.0, 37.0
-87.0, 36.0
-87.0, 36.0
-85.0, 39.0
-86.0, 39.0
-86.0, 39.0
-86.0, 39.0
-88.0, 39.0
-88.0, 39.0
-86.0, 39.0
-81.0, 37.0
-82.0, 35.0
-81.0, 36.0
-84.0, 35.0
-83.0, 35.0
-82.0, 35.0
-82.0, 36.0
-82.0, 36.0
-83.0, 36.0
-83.0, 36.0
-83.0, 36.0
-86.0, 40.0
-86.0, 39.0
-87.0, 42.0
-87.0, 42.0
-83.0, 42.0
-79.0, 40.0
-81.0, 39.0
-81.0, 40.0
-81.0, 40.0
-81.0, 39.0
-80.0, 40.0
-80.0, 40.0
-80.0, 40.0
-80.0, 40.0
-80.0, 39.0
-80.0, 38.0
-80.0, 38.0
-80.0, 39.0
-80.0, 39.0
-80.0, 39.0
-80.0, 40.0
-80.0, 40.0
-81.0, 42.0
-80.0, 41.0
-81.0, 42.0
-81.0, 42.0
-80.0, 41.0
-80.0, 42.0
-80.0, 43.0
-80.0, 42.0
-95.0, 43.0
-96.0, 42.0
-98.0, 37.0
-98.0, 38.0
-98.0, 38.0
-98.0, 38.0
-98.0, 38.0
-98.0, 38.0
-98.0, 38.0
-98.0, 38.0
-98.0, 37.0
-98.0, 37.0
-97.0, 38.0
-97.0, 38.0
-98.0, 38.0
-97.0, 37.0
-97.0, 37.0
-97.0, 37.0
-98.0, 37.0
-98.0, 36.0
-98.0, 37.0
-97.0, 41.0
-99.0, 40.0
-98.0, 40.0
-99.0, 40.0
-100.0, 40.0
-99.0, 40.0
-100.0, 39.0
-100.0, 39.0
-100.0, 39.0
-100.0, 38.0
-100.0, 39.0
-100.0, 38.0
-100.0, 39.0
-97.0, 37.0
-97.0, 38.0
-97.0, 38.0
-99.0, 41.0
-100.0, 40.0
-110.0, 50.0
-111.0, 49.0
-111.0, 49.0
-111.0, 50.0
-112.0, 50.0
-110.0, 50.0
-109.0, 50.0
-111.0, 50.0
-111.0, 50.0
-111.0, 51.0
-110.0, 50.0
-110.0, 50.0
-110.0, 50.0
-111.0, 53.0
-112.0, 52.0
-113.0, 50.0
-112.0, 50.0
-108.0, 56.0
-108.0, 56.0
-108.0, 53.0
-108.0, 53.0
-108.0, 58.0
-107.0, 57.0
-107.0, 57.0
-107.0, 56.0
-108.0, 57.0
-107.0, 57.0
-120.0, 52.0
-120.0, 53.0
-119.0, 55.0
-118.0, 54.0
-119.0, 55.0
-120.0, 56.0
-121.0, 56.0
-121.0, 56.0
-118.0, 54.0
-118.0, 55.0
-118.0, 54.0
-119.0, 53.0
-122.0, 56.0
-123.0, 56.0
-121.0, 57.0
-109.0, 51.0
-109.0, 51.0
-110.0, 51.0
-123.0, 57.0
-123.0, 57.0
-123.0, 58.0
-123.0, 58.0
-122.0, 57.0
-122.0, 57.0
-124.0, 58.0
-124.0, 58.0
-125.0, 58.0
-124.0, 58.0
-124.0, 58.0
-123.0, 58.0
-123.0, 58.0
-124.0, 57.0
-124.0, 57.0
-120.0, 58.0
-119.0, 58.0
-122.0, 58.0
-123.0, 59.0
-123.0, 57.0
-123.0, 58.0
-123.0, 59.0
-126.0, 53.0
-126.0, 55.0
-126.0, 56.0
-128.0, 57.0
-127.0, 57.0
-126.0, 59.0
-125.0, 59.0
-125.0, 59.0
-127.0, 59.0
-127.0, 60.0
-127.0, 58.0
-127.0, 57.0
-127.0, 58.0
-127.0, 58.0
-126.0, 58.0
-125.0, 59.0
-125.0, 59.0
-128.0, 60.0
-129.0, 59.0
-125.0, 58.0
-125.0, 58.0
-125.0, 58.0
-124.0, 58.0
-122.0, 58.0
-122.0, 58.0
-123.0, 58.0
-123.0, 58.0
-124.0, 56.0
-125.0, 57.0
-124.0, 58.0
-125.0, 58.0
-125.0, 58.0
-124.0, 59.0
-124.0, 58.0
-124.0, 58.0
-124.0, 59.0
-125.0, 59.0
-124.0, 58.0
-124.0, 58.0
-125.0, 57.0
-125.0, 57.0
-124.0, 56.0
-124.0, 56.0
-124.0, 56.0
-124.0, 57.0
-124.0, 56.0
-124.0, 56.0
-125.0, 58.0
-127.0, 59.0
-127.0, 58.0
-127.0, 58.0
-126.0, 58.0
-126.0, 58.0
-126.0, 59.0
-126.0, 59.0
-123.0, 58.0
-123.0, 58.0
-123.0, 58.0
-124.0, 55.0
-114.0, 59.0
-114.0, 59.0
-115.0, 60.0
-115.0, 60.0
-115.0, 60.0
-116.0, 60.0
-116.0, 60.0
-114.0, 61.0
-115.0, 61.0
-115.0, 60.0
-116.0, 60.0
-115.0, 59.0
-115.0, 58.0
-115.0, 58.0
-115.0, 59.0
-115.0, 61.0
-106.0, 45.0
-104.0, 45.0
-105.0, 45.0
-106.0, 44.0
-105.0, 44.0
-105.0, 45.0
-110.0, 42.0
-110.0, 42.0
-110.0, 43.0
-110.0, 43.0
-109.0, 44.0
-109.0, 44.0
-109.0, 44.0
-109.0, 44.0
-109.0, 43.0
-110.0, 43.0
-108.0, 41.0
-108.0, 41.0
-108.0, 41.0
-107.0, 40.0
-107.0, 40.0
-107.0, 40.0
-107.0, 40.0
-107.0, 40.0
-107.0, 40.0
-106.0, 48.0
-106.0, 48.0
-107.0, 47.0
-107.0, 48.0
-115.0, 45.0
-115.0, 45.0
-116.0, 46.0
-116.0, 44.0
-109.0, 45.0
-108.0, 45.0
-109.0, 45.0
-110.0, 44.0
-110.0, 44.0
-110.0, 43.0
-108.0, 45.0
-109.0, 45.0
-109.0, 45.0
-110.0, 45.0
-110.0, 45.0
-110.0, 45.0
-110.0, 46.0
-110.0, 45.0
-110.0, 45.0
-110.0, 45.0
-110.0, 45.0
-110.0, 42.0
-110.0, 43.0
-110.0, 43.0
-111.0, 45.0
-110.0, 46.0
-110.0, 45.0
-111.0, 45.0
-111.0, 44.0
-111.0, 44.0
-111.0, 42.0
-111.0, 42.0
-111.0, 42.0
-111.0, 42.0
-112.0, 42.0
-113.0, 40.0
-113.0, 40.0
-113.0, 40.0
-111.0, 41.0
-111.0, 41.0
-114.0, 44.0
-112.0, 42.0
-112.0, 44.0
-111.0, 44.0
-111.0, 44.0
-111.0, 46.0
-114.0, 41.0
-113.0, 43.0
-113.0, 41.0
-114.0, 41.0
-111.0, 41.0
-112.0, 41.0
-116.0, 40.0
-114.0, 39.0
-114.0, 40.0
-113.0, 40.0
-114.0, 40.0
-114.0, 40.0
-115.0, 39.0
-114.0, 39.0
-115.0, 38.0
-115.0, 38.0
-114.0, 38.0
-114.0, 40.0
-114.0, 40.0
-115.0, 40.0
-115.0, 40.0
-113.0, 40.0
-114.0, 40.0
-114.0, 42.0
-114.0, 41.0
-113.0, 40.0
-113.0, 39.0
-113.0, 39.0
-113.0, 40.0
-113.0, 41.0
-114.0, 41.0
-114.0, 42.0
-115.0, 41.0
-114.0, 39.0
-114.0, 39.0
-113.0, 39.0
-113.0, 39.0
-113.0, 39.0
-113.0, 39.0
-113.0, 39.0
-113.0, 39.0
-113.0, 39.0
-113.0, 39.0
-113.0, 39.0
-113.0, 39.0
-113.0, 39.0
-114.0, 39.0
-113.0, 41.0
-112.0, 41.0
-113.0, 41.0
-113.0, 41.0
-114.0, 42.0
-114.0, 42.0
-113.0, 42.0
-115.0, 43.0
-115.0, 40.0
-114.0, 40.0
-113.0, 38.0
-110.0, 44.0
-110.0, 44.0
-109.0, 45.0
-110.0, 43.0
-110.0, 42.0
-111.0, 43.0
-111.0, 44.0
-111.0, 44.0
-111.0, 43.0
-111.0, 47.0
-112.0, 42.0
-112.0, 42.0
-111.0, 43.0
-111.0, 43.0
-111.0, 43.0
-112.0, 43.0
-111.0, 43.0
-109.0, 43.0
-109.0, 43.0
-110.0, 43.0
-111.0, 38.0
-111.0, 38.0
-111.0, 40.0
-111.0, 40.0
-110.0, 41.0
-108.0, 40.0
-110.0, 41.0
-110.0, 41.0
-111.0, 42.0
-110.0, 42.0
-110.0, 42.0
-110.0, 40.0
-110.0, 42.0
-110.0, 42.0
-111.0, 46.0
-111.0, 46.0
-111.0, 46.0
-111.0, 46.0
-112.0, 46.0
-111.0, 47.0
-111.0, 45.0
-108.0, 56.0
-108.0, 56.0
-108.0, 55.0
-108.0, 56.0
-108.0, 56.0
-106.0, 54.0
-108.0, 54.0
-105.0, 55.0
-105.0, 54.0
-106.0, 54.0
-106.0, 55.0
-102.0, 50.0
-103.0, 50.0
-103.0, 52.0
-101.0, 49.0
-101.0, 50.0
-102.0, 54.0
-102.0, 53.0
-101.0, 53.0
-109.0, 44.0
-114.0, 47.0
-113.0, 47.0
-118.0, 48.0
-117.0, 48.0
-117.0, 47.0
-117.0, 49.0
-117.0, 48.0
-115.0, 50.0
-115.0, 51.0
-116.0, 52.0
-116.0, 52.0
-116.0, 52.0
-117.0, 52.0
-116.0, 52.0
-118.0, 51.0
-118.0, 51.0
-118.0, 51.0
-117.0, 51.0
-118.0, 50.0
-118.0, 51.0
-118.0, 51.0
-118.0, 51.0
-118.0, 51.0
-118.0, 51.0
-118.0, 51.0
-118.0, 50.0
-118.0, 49.0
-118.0, 50.0
-118.0, 53.0
-117.0, 51.0
-115.0, 50.0
-115.0, 51.0
-115.0, 51.0
-115.0, 53.0
-116.0, 53.0
-110.0, 45.0
-109.0, 46.0
-110.0, 47.0
-111.0, 45.0
-111.0, 45.0
-111.0, 45.0
-110.0, 47.0
-110.0, 46.0
-110.0, 47.0
-110.0, 47.0
-110.0, 47.0
-110.0, 47.0
-110.0, 47.0
-110.0, 47.0
-110.0, 47.0
-111.0, 47.0
-112.0, 46.0
-111.0, 47.0
-108.0, 47.0
-108.0, 47.0
-107.0, 47.0
-108.0, 47.0
-104.0, 51.0
-109.0, 49.0
-105.0, 48.0
-105.0, 49.0
-105.0, 49.0
-106.0, 50.0
-106.0, 50.0
-108.0, 51.0
-105.0, 50.0
-105.0, 50.0
-105.0, 50.0
-106.0, 51.0
-106.0, 52.0
-106.0, 51.0
-106.0, 49.0
-111.0, 46.0
-112.0, 46.0
-112.0, 47.0
-112.0, 47.0
-112.0, 47.0
-112.0, 46.0
-115.0, 62.0
-114.0, 62.0
-115.0, 63.0
-115.0, 63.0
-116.0, 62.0
-118.0, 62.0
-121.0, 60.0
-122.0, 60.0
-121.0, 60.0
-122.0, 60.0
-123.0, 61.0
-123.0, 61.0
-122.0, 61.0
-122.0, 61.0
-122.0, 61.0
-122.0, 60.0
-122.0, 62.0
-122.0, 62.0
-121.0, 60.0
-120.0, 61.0
-117.0, 51.0
-116.0, 51.0
-116.0, 51.0
-116.0, 51.0
-116.0, 51.0
-116.0, 51.0
-116.0, 51.0
-116.0, 51.0
-115.0, 51.0
-115.0, 51.0
-117.0, 53.0
-117.0, 53.0
-117.0, 52.0
-117.0, 53.0
-115.0, 53.0
-115.0, 53.0
-117.0, 53.0
-125.0, 49.0
-125.0, 49.0
-124.0, 47.0
-122.0, 48.0
-124.0, 47.0
-125.0, 45.0
-125.0, 45.0
-125.0, 45.0
-123.0, 51.0
-123.0, 51.0
-123.0, 49.0
-123.0, 49.0
-124.0, 50.0
-123.0, 50.0
-123.0, 50.0
-114.0, 48.0
-114.0, 48.0
-115.0, 47.0
-115.0, 46.0
-115.0, 46.0
-115.0, 46.0
-116.0, 47.0
-116.0, 46.0
-118.0, 47.0
-118.0, 47.0
-118.0, 45.0
-118.0, 44.0
-118.0, 46.0
-119.0, 46.0
-119.0, 46.0
-118.0, 46.0
-118.0, 47.0
-118.0, 48.0
-118.0, 47.0
-118.0, 46.0
-118.0, 45.0
-118.0, 45.0
-117.0, 45.0
-118.0, 45.0
-118.0, 45.0
-119.0, 45.0
-119.0, 45.0
-120.0, 46.0
-120.0, 46.0
-120.0, 46.0
-120.0, 46.0
-119.0, 45.0
-120.0, 45.0
-118.0, 47.0
-119.0, 46.0
-122.0, 43.0
-123.0, 43.0
-127.0, 46.0
-126.0, 46.0
-126.0, 46.0
-117.0, 52.0
-117.0, 52.0
-118.0, 52.0
-118.0, 52.0
-117.0, 53.0
-118.0, 53.0
-118.0, 54.0
-114.0, 51.0
-115.0, 51.0
-114.0, 50.0
-115.0, 50.0
-115.0, 50.0
-115.0, 50.0
-115.0, 50.0
-115.0, 50.0
-116.0, 51.0
-114.0, 51.0
-113.0, 51.0
-114.0, 51.0
-114.0, 51.0
-114.0, 51.0
-114.0, 51.0
-116.0, 53.0
-115.0, 53.0
-116.0, 51.0
-116.0, 51.0
-120.0, 35.0
-118.0, 34.0
-116.0, 36.0
-119.0, 32.0
-119.0, 33.0
-120.0, 34.0
-119.0, 34.0
-120.0, 32.0
-118.0, 37.0
-118.0, 37.0
-121.0, 34.0
-121.0, 34.0
-120.0, 35.0
-121.0, 35.0
-121.0, 34.0
-116.0, 25.0
-116.0, 25.0
-116.0, 25.0
-116.0, 25.0
-116.0, 25.0
-116.0, 26.0
-116.0, 25.0
-118.0, 27.0
-119.0, 27.0
-118.0, 26.0
-118.0, 26.0
-120.0, 27.0
-119.0, 28.0
-120.0, 28.0
-118.0, 27.0
-119.0, 26.0
-120.0, 26.0
-120.0, 27.0
-119.0, 29.0
-119.0, 27.0
-119.0, 28.0
-119.0, 27.0
-119.0, 28.0
-120.0, 27.0
-119.0, 27.0
-120.0, 29.0
-121.0, 27.0
-122.0, 29.0
-122.0, 29.0
-122.0, 29.0
-119.0, 25.0
-119.0, 26.0
-120.0, 25.0
-119.0, 28.0
-121.0, 28.0
-121.0, 27.0
-121.0, 26.0
-121.0, 26.0
-121.0, 27.0
-121.0, 28.0
-121.0, 27.0
-121.0, 27.0
-99.0, 36.0
-100.0, 36.0
-98.0, 37.0
-95.0, 36.0
-95.0, 36.0
-94.0, 39.0
-94.0, 39.0
-96.0, 38.0
-95.0, 38.0
-96.0, 38.0
-96.0, 38.0
-97.0, 35.0
-97.0, 35.0
-96.0, 36.0
-97.0, 34.0
-96.0, 33.0
-96.0, 34.0
-97.0, 35.0
-97.0, 35.0
-93.0, 38.0
-93.0, 39.0
-93.0, 39.0
-93.0, 38.0
-94.0, 38.0
-94.0, 39.0
-94.0, 39.0
-94.0, 39.0
-94.0, 39.0
-95.0, 39.0
-97.0, 40.0
-97.0, 40.0
-97.0, 40.0
-96.0, 39.0
-96.0, 39.0
-100.0, 35.0
-96.0, 38.0
-96.0, 37.0
-96.0, 38.0
-96.0, 38.0
-96.0, 36.0
-98.0, 39.0
-97.0, 40.0
-97.0, 40.0
-99.0, 40.0
-99.0, 40.0
-98.0, 38.0
-97.0, 40.0
-97.0, 39.0
-97.0, 39.0
-97.0, 39.0
-97.0, 39.0
-94.0, 40.0
-108.0, 38.0
-108.0, 38.0
-107.0, 38.0
-108.0, 38.0
-109.0, 39.0
-109.0, 38.0
-109.0, 38.0
-112.0, 38.0
-110.0, 37.0
-110.0, 37.0
-111.0, 40.0
-112.0, 36.0
-112.0, 36.0
-112.0, 36.0
-112.0, 36.0
-106.0, 33.0
-106.0, 34.0
-106.0, 33.0
-106.0, 33.0
-105.0, 32.0
-105.0, 33.0
-105.0, 33.0
-105.0, 33.0
-105.0, 33.0
-107.0, 33.0
-105.0, 32.0
-104.0, 32.0
-109.0, 30.0
-109.0, 30.0
-109.0, 30.0
-109.0, 31.0
-107.0, 38.0
-107.0, 38.0
-108.0, 38.0
-108.0, 38.0
-106.0, 37.0
-107.0, 38.0
-106.0, 38.0
-111.0, 36.0
-110.0, 36.0
-111.0, 37.0
-111.0, 37.0
-111.0, 36.0
-111.0, 36.0
-111.0, 36.0
-111.0, 36.0
-110.0, 34.0
-111.0, 36.0
-111.0, 36.0
-111.0, 36.0
-111.0, 35.0
-110.0, 36.0
-106.0, 39.0
-106.0, 39.0
-106.0, 39.0
-106.0, 39.0
-110.0, 39.0
-107.0, 41.0
-107.0, 38.0
-108.0, 39.0
-108.0, 39.0
-107.0, 39.0
-107.0, 37.0
-108.0, 37.0
-107.0, 39.0
-107.0, 39.0
-107.0, 39.0
-107.0, 39.0
-107.0, 39.0
-106.0, 42.0
-106.0, 42.0
-104.0, 37.0
-104.0, 37.0
-107.0, 37.0
-107.0, 37.0
-107.0, 37.0
-107.0, 37.0
-107.0, 37.0
-106.0, 37.0
-106.0, 37.0
-106.0, 39.0
-106.0, 39.0
-106.0, 38.0
-107.0, 41.0
-108.0, 41.0
-108.0, 41.0
-108.0, 41.0
-105.0, 39.0
-105.0, 39.0
-109.0, 39.0
-110.0, 39.0
-105.0, 36.0
-105.0, 36.0
-105.0, 36.0
-105.0, 36.0
-105.0, 36.0
-100.0, 46.0
-100.0, 46.0
-103.0, 47.0
-103.0, 47.0
-102.0, 47.0
-102.0, 42.0
-101.0, 41.0
-102.0, 44.0
-102.0, 45.0
-100.0, 46.0
-98.0, 46.0
-99.0, 47.0
-98.0, 47.0
-105.0, 29.0
-105.0, 28.0
-106.0, 28.0
-106.0, 28.0
-105.0, 29.0
-105.0, 28.0
-106.0, 28.0
-106.0, 28.0
-107.0, 26.0
-106.0, 28.0
-105.0, 28.0
-105.0, 28.0
-106.0, 28.0
-106.0, 29.0
-116.0, 30.0
-110.0, 32.0
-110.0, 32.0
-110.0, 31.0
-110.0, 29.0
-110.0, 30.0
-110.0, 30.0
-110.0, 30.0
-110.0, 29.0
-110.0, 30.0
-107.0, 34.0
-107.0, 34.0
-108.0, 34.0
-107.0, 33.0
-105.0, 33.0
-106.0, 34.0
-109.0, 34.0
-108.0, 33.0
-109.0, 34.0
-109.0, 34.0
-108.0, 33.0
-108.0, 34.0
-106.0, 32.0
-106.0, 34.0
-109.0, 38.0
-109.0, 37.0
-109.0, 39.0
-109.0, 39.0
-105.0, 34.0
-108.0, 33.0
-107.0, 34.0
-108.0, 34.0
-108.0, 34.0
-108.0, 34.0
-109.0, 33.0
-108.0, 34.0
-108.0, 34.0
-108.0, 33.0
-107.0, 34.0
-107.0, 35.0
-108.0, 35.0
-108.0, 35.0
-111.0, 32.0
-111.0, 32.0
-111.0, 32.0
-111.0, 32.0
-110.0, 34.0
-111.0, 33.0
-110.0, 34.0
-111.0, 34.0
-110.0, 32.0
-110.0, 32.0
-110.0, 33.0
-110.0, 33.0
-107.0, 32.0
-107.0, 32.0
-112.0, 35.0
-113.0, 37.0
-114.0, 37.0
-114.0, 34.0
-114.0, 34.0
-116.0, 37.0
-116.0, 37.0
-116.0, 34.0
-115.0, 33.0
-110.0, 35.0
-110.0, 35.0
-109.0, 35.0
-111.0, 36.0
-111.0, 35.0
-111.0, 35.0
-111.0, 35.0
-116.0, 36.0
-116.0, 35.0
-116.0, 36.0
-116.0, 35.0
-116.0, 35.0
-116.0, 35.0
-115.0, 37.0
-115.0, 37.0
-116.0, 37.0
-115.0, 37.0
-111.0, 35.0
-111.0, 34.0
-110.0, 34.0
-110.0, 34.0
-111.0, 33.0
-111.0, 33.0
-109.0, 35.0
-110.0, 36.0
-111.0, 36.0
-112.0, 36.0
-112.0, 36.0
-111.0, 36.0
-112.0, 37.0
-112.0, 34.0
-97.0, 45.0
-97.0, 45.0
-98.0, 45.0
-93.0, 45.0
-93.0, 45.0
-91.0, 45.0
-92.0, 46.0
-93.0, 41.0
-93.0, 41.0
-92.0, 42.0
-96.0, 39.0
-95.0, 41.0
-95.0, 41.0
-96.0, 44.0
-95.0, 41.0
-94.0, 41.0
-94.0, 40.0
-95.0, 41.0
-95.0, 41.0
-99.0, 44.0
-98.0, 44.0
-95.0, 42.0
-95.0, 42.0
-96.0, 42.0
-96.0, 44.0
-96.0, 45.0
-96.0, 44.0
-95.0, 43.0
-97.0, 37.0
-97.0, 39.0
-88.0, 41.0
-90.0, 41.0
-89.0, 41.0
-89.0, 41.0
-87.0, 44.0
-87.0, 41.0
-87.0, 41.0
-87.0, 42.0
-89.0, 43.0
-89.0, 43.0
-90.0, 43.0
-90.0, 43.0
-90.0, 43.0
-90.0, 43.0
-90.0, 42.0
-89.0, 42.0
-90.0, 42.0
-90.0, 42.0
-90.0, 44.0
-91.0, 43.0
-92.0, 43.0
-91.0, 43.0
-92.0, 44.0
-92.0, 44.0
-89.0, 44.0
-89.0, 45.0
-89.0, 45.0
-90.0, 47.0
-87.0, 45.0
-87.0, 44.0
-100.0, 39.0
-100.0, 39.0
-98.0, 43.0
-98.0, 43.0
-96.0, 41.0
-96.0, 44.0
-90.0, 43.0
-90.0, 42.0
-90.0, 42.0
-93.0, 39.0
-92.0, 40.0
-93.0, 40.0
-92.0, 39.0
-91.0, 38.0
-91.0, 39.0
-90.0, 37.0
-90.0, 37.0
-91.0, 38.0
-91.0, 38.0
-91.0, 38.0
-91.0, 39.0
-91.0, 39.0
-89.0, 41.0
-104.0, 46.0
-105.0, 48.0
-94.0, 39.0
-94.0, 39.0
-95.0, 43.0
-93.0, 42.0
-93.0, 42.0
-94.0, 42.0
-99.0, 43.0
-99.0, 43.0
-108.0, 49.0
-108.0, 45.0
-108.0, 46.0
-107.0, 46.0
-107.0, 45.0
-109.0, 47.0
-108.0, 46.0
-110.0, 47.0
-111.0, 47.0
-109.0, 48.0
-110.0, 47.0
-105.0, 49.0
-107.0, 49.0
-107.0, 49.0
-107.0, 50.0
-102.0, 41.0
-102.0, 42.0
-102.0, 43.0
-102.0, 44.0
-102.0, 44.0
-102.0, 44.0
-102.0, 44.0
-103.0, 44.0
-103.0, 45.0
-108.0, 53.0
-109.0, 53.0
-109.0, 53.0
-109.0, 53.0
-109.0, 53.0
-109.0, 53.0
-110.0, 53.0
-109.0, 52.0
-108.0, 52.0
-108.0, 52.0
-108.0, 52.0
-110.0, 52.0
-110.0, 52.0
-97.0, 41.0
-97.0, 38.0
-97.0, 37.0
-97.0, 38.0
-97.0, 40.0
-98.0, 40.0
-98.0, 37.0
-98.0, 39.0
-103.0, 38.0
-103.0, 38.0
-102.0, 38.0
-97.0, 40.0
-97.0, 40.0
-99.0, 41.0
-99.0, 41.0
-99.0, 42.0
-99.0, 42.0
-99.0, 43.0
-98.0, 42.0
-97.0, 42.0
-97.0, 42.0
-97.0, 43.0
-97.0, 43.0
-97.0, 43.0
-100.0, 42.0
-100.0, 42.0
-99.0, 43.0
-99.0, 43.0
-99.0, 42.0
-100.0, 44.0
-100.0, 44.0
-102.0, 44.0
-98.0, 47.0
-98.0, 47.0
-98.0, 47.0
-97.0, 47.0
-97.0, 47.0
-98.0, 46.0
-98.0, 46.0
-98.0, 46.0
-98.0, 46.0
-98.0, 41.0
-98.0, 41.0
-98.0, 41.0
-98.0, 42.0
-98.0, 42.0
-96.0, 47.0
-96.0, 46.0
-96.0, 46.0
-95.0, 46.0
-96.0, 46.0
-96.0, 46.0
-97.0, 46.0
-97.0, 46.0
-97.0, 46.0
-97.0, 44.0
-97.0, 44.0
-95.0, 45.0
-93.0, 43.0
-93.0, 43.0
-95.0, 44.0
-94.0, 45.0
-93.0, 46.0
-94.0, 46.0
-93.0, 45.0
-94.0, 45.0
-97.0, 45.0
-97.0, 44.0
-110.0, 40.0
-110.0, 40.0
-108.0, 38.0
-108.0, 40.0
-108.0, 40.0
-108.0, 39.0
-108.0, 39.0
-107.0, 39.0
-107.0, 39.0
-107.0, 39.0
-107.0, 37.0
-107.0, 38.0
-107.0, 37.0
-104.0, 45.0
-104.0, 45.0
-105.0, 45.0
-105.0, 45.0
-104.0, 44.0
-104.0, 44.0
-103.0, 44.0
-103.0, 44.0
-104.0, 44.0
-104.0, 42.0
-102.0, 49.0
-102.0, 50.0
-103.0, 50.0
-103.0, 49.0
-101.0, 49.0
-101.0, 48.0
-101.0, 49.0
-103.0, 47.0
-103.0, 48.0
-102.0, 48.0
-103.0, 45.0
-102.0, 46.0
-102.0, 46.0
-102.0, 47.0
-102.0, 47.0
-103.0, 47.0
-103.0, 47.0
-101.0, 47.0
-101.0, 52.0
-100.0, 52.0
-101.0, 56.0
-100.0, 55.0
-100.0, 55.0
-100.0, 55.0
-102.0, 50.0
-105.0, 49.0
-102.0, 50.0
-100.0, 50.0
-101.0, 51.0
-101.0, 51.0
-99.0, 50.0
-100.0, 52.0
-100.0, 52.0
-101.0, 51.0
-101.0, 51.0
-100.0, 51.0
-101.0, 51.0
-102.0, 52.0
-103.0, 52.0
-102.0, 52.0
-102.0, 52.0
-100.0, 52.0
-102.0, 51.0
-101.0, 51.0
-101.0, 51.0
-101.0, 51.0
-102.0, 52.0
-101.0, 50.0
-100.0, 50.0
-102.0, 52.0
-102.0, 52.0
-99.0, 54.0
-101.0, 51.0
-102.0, 51.0
-102.0, 54.0
-100.0, 52.0
-100.0, 52.0
-101.0, 52.0
-101.0, 51.0
-100.0, 51.0
-100.0, 51.0
-101.0, 52.0
-102.0, 51.0
-101.0, 51.0
-101.0, 51.0
-97.0, 51.0
-98.0, 52.0
-97.0, 51.0
-97.0, 51.0
-99.0, 49.0
-99.0, 49.0
-99.0, 48.0
-100.0, 49.0
-101.0, 49.0
-101.0, 49.0
-99.0, 49.0
-99.0, 49.0
-100.0, 46.0
-100.0, 46.0
-100.0, 46.0
-99.0, 48.0
-99.0, 48.0
-100.0, 48.0
-99.0, 49.0
-99.0, 48.0
-99.0, 47.0
-99.0, 47.0
-97.0, 47.0
-96.0, 47.0
-97.0, 48.0
-99.0, 47.0
-98.0, 47.0
-98.0, 47.0
-98.0, 47.0
-98.0, 47.0
-98.0, 47.0
-98.0, 46.0
-97.0, 48.0
-97.0, 48.0
-97.0, 48.0
-97.0, 48.0
-98.0, 47.0
-98.0, 45.0
-98.0, 45.0
-97.0, 46.0
-98.0, 46.0
-98.0, 46.0
-88.0, 40.0
-88.0, 40.0
-84.0, 41.0
-84.0, 41.0
-88.0, 35.0
-88.0, 37.0
-89.0, 37.0
-89.0, 37.0
-88.0, 37.0
-88.0, 40.0
-88.0, 39.0
-88.0, 39.0
-89.0, 40.0
-91.0, 41.0
-91.0, 41.0
-91.0, 43.0
-91.0, 42.0
-99.0, 25.0
-99.0, 24.0
-99.0, 24.0
-100.0, 24.0
-100.0, 24.0
-98.0, 21.0
-98.0, 23.0
-98.0, 24.0
-98.0, 24.0
-99.0, 23.0
-99.0, 24.0
-100.0, 25.0
-96.0, 20.0
-93.0, 19.0
-94.0, 19.0
-94.0, 19.0
-94.0, 19.0
-93.0, 19.0
-89.0, 18.0
-89.0, 18.0
-90.0, 20.0
-91.0, 20.0
-94.0, 30.0
-94.0, 29.0
-96.0, 28.0
-94.0, 28.0
-94.0, 29.0
-94.0, 29.0
-97.0, 27.0
-96.0, 27.0
-95.0, 29.0
-95.0, 30.0
-96.0, 31.0
-96.0, 29.0
-96.0, 29.0
-100.0, 27.0
-100.0, 27.0
-99.0, 25.0
-100.0, 25.0
-102.0, 27.0
-102.0, 27.0
-97.0, 35.0
-97.0, 35.0
-97.0, 35.0
-97.0, 35.0
-97.0, 36.0
-97.0, 35.0
-97.0, 35.0
-95.0, 35.0
-96.0, 36.0
-96.0, 35.0
-96.0, 35.0
-99.0, 33.0
-99.0, 33.0
-92.0, 37.0
-92.0, 37.0
-91.0, 37.0
-91.0, 37.0
-93.0, 33.0
-93.0, 33.0
-94.0, 33.0
-95.0, 34.0
-94.0, 34.0
-94.0, 34.0
-96.0, 32.0
-96.0, 32.0
-97.0, 33.0
-96.0, 33.0
-96.0, 33.0
-97.0, 32.0
-97.0, 32.0
-97.0, 34.0
-95.0, 34.0
-96.0, 32.0
-96.0, 32.0
-97.0, 33.0
-96.0, 33.0
-96.0, 33.0
-93.0, 31.0
-93.0, 31.0
-93.0, 31.0
-94.0, 31.0
-94.0, 31.0
-94.0, 30.0
-94.0, 30.0
-97.0, 31.0
-96.0, 31.0
-96.0, 33.0
-96.0, 28.0
-95.0, 29.0
-96.0, 28.0
-95.0, 31.0
-96.0, 30.0
-96.0, 31.0
-97.0, 30.0
-96.0, 31.0
-97.0, 30.0
-97.0, 30.0
-93.0, 35.0
-91.0, 34.0
-91.0, 34.0
-92.0, 34.0
-92.0, 34.0
-92.0, 35.0
-92.0, 35.0
-92.0, 35.0
-91.0, 36.0
-91.0, 35.0
-90.0, 35.0
-92.0, 35.0
-92.0, 35.0
-90.0, 36.0
-90.0, 37.0
-90.0, 34.0
-90.0, 34.0
-93.0, 34.0
-93.0, 34.0
-95.0, 33.0
-94.0, 34.0
-94.0, 35.0
-94.0, 35.0
-94.0, 35.0
-94.0, 35.0
-94.0, 35.0
-94.0, 35.0
-94.0, 36.0
-94.0, 37.0
-95.0, 37.0
-92.0, 36.0
-92.0, 36.0
-92.0, 34.0
-91.0, 34.0
-96.0, 35.0
-94.0, 34.0
-95.0, 33.0
-93.0, 34.0
-92.0, 33.0
-92.0, 33.0
-92.0, 34.0
-94.0, 32.0
-94.0, 32.0
-93.0, 35.0
-94.0, 35.0
-93.0, 32.0
-93.0, 31.0
-92.0, 35.0
-91.0, 34.0
-93.0, 36.0
-92.0, 35.0
-93.0, 35.0
-92.0, 35.0
-92.0, 35.0
-92.0, 35.0
-91.0, 35.0
-95.0, 38.0
-94.0, 35.0
-94.0, 35.0
-90.0, 34.0
-90.0, 34.0
-90.0, 35.0
-92.0, 36.0
-91.0, 35.0
-92.0, 35.0
-93.0, 33.0
-90.0, 33.0
-88.0, 33.0
-88.0, 33.0
-89.0, 33.0
-88.0, 32.0
-88.0, 31.0
-87.0, 32.0
-87.0, 33.0
-91.0, 30.0
-91.0, 31.0
-90.0, 31.0
-90.0, 31.0
-90.0, 31.0
-90.0, 30.0
-92.0, 30.0
-86.0, 31.0
-86.0, 31.0
-86.0, 30.0
-86.0, 31.0
-87.0, 30.0
-88.0, 33.0
-86.0, 34.0
-87.0, 34.0
-87.0, 34.0
-86.0, 33.0
-86.0, 34.0
-90.0, 33.0
-90.0, 33.0
-91.0, 34.0
-91.0, 34.0
-90.0, 34.0
-88.0, 35.0
-93.0, 34.0
-92.0, 34.0
-93.0, 34.0
-88.0, 38.0
-88.0, 38.0
-89.0, 36.0
-89.0, 36.0
-89.0, 36.0
-89.0, 36.0
-89.0, 36.0
-89.0, 35.0
-88.0, 35.0
-88.0, 35.0
-89.0, 48.0
-90.0, 48.0
-90.0, 48.0
-89.0, 48.0
-89.0, 48.0
-89.0, 48.0
-89.0, 48.0
-89.0, 46.0
-89.0, 47.0
-90.0, 48.0
-90.0, 47.0
-90.0, 47.0
-89.0, 47.0
-89.0, 47.0
-90.0, 47.0
-89.0, 48.0
-88.0, 48.0
-87.0, 48.0
-89.0, 48.0
-91.0, 48.0
-89.0, 48.0
-87.0, 50.0
-87.0, 50.0
-88.0, 50.0
-88.0, 50.0
-88.0, 51.0
-88.0, 50.0
-88.0, 50.0
-88.0, 50.0
-88.0, 50.0
-88.0, 50.0
-88.0, 50.0
-88.0, 50.0
-84.0, 50.0
-98.0, 55.0
-98.0, 55.0
-98.0, 55.0
-97.0, 55.0
-99.0, 61.0
-98.0, 61.0
-100.0, 62.0
-99.0, 61.0
-99.0, 60.0
-102.0, 62.0
-102.0, 62.0
-102.0, 62.0
-101.0, 63.0
-101.0, 63.0
-100.0, 63.0
-101.0, 64.0
-101.0, 59.0
-101.0, 59.0
-101.0, 59.0
-99.0, 59.0
-99.0, 59.0
-100.0, 59.0
-100.0, 59.0
-102.0, 61.0
-102.0, 61.0
-102.0, 61.0
-100.0, 61.0
-100.0, 62.0
-100.0, 62.0
-102.0, 63.0
-102.0, 63.0
-102.0, 63.0
-100.0, 62.0
-100.0, 63.0
-103.0, 64.0
-102.0, 60.0
-99.0, 62.0
-99.0, 62.0
-99.0, 62.0
-103.0, 62.0
-103.0, 62.0
-103.0, 62.0
-103.0, 62.0
-103.0, 62.0
-104.0, 61.0
-104.0, 61.0
-105.0, 60.0
-85.0, 45.0
-85.0, 45.0
-85.0, 45.0
-84.0, 45.0
-85.0, 44.0
-85.0, 45.0
-84.0, 46.0
-85.0, 45.0
-86.0, 45.0
-86.0, 45.0
-88.0, 44.0
-87.0, 45.0
-87.0, 45.0
-91.0, 48.0
-90.0, 48.0
-89.0, 48.0
-89.0, 48.0
-90.0, 48.0
-90.0, 48.0
-90.0, 48.0
-90.0, 48.0
-92.0, 48.0
-91.0, 41.0
-91.0, 41.0
-91.0, 41.0
-91.0, 41.0
-88.0, 42.0
-88.0, 41.0
-91.0, 39.0
-89.0, 42.0
-89.0, 42.0
-89.0, 42.0
-88.0, 44.0
-88.0, 44.0
-91.0, 42.0
-91.0, 42.0
-90.0, 41.0
-91.0, 41.0
-92.0, 38.0
-93.0, 38.0
-93.0, 39.0
-93.0, 38.0
-93.0, 38.0
-92.0, 39.0
-92.0, 39.0
-92.0, 39.0
-93.0, 40.0
-93.0, 39.0
-92.0, 40.0
-92.0, 39.0
-93.0, 39.0
-93.0, 39.0
-98.0, 37.0
-99.0, 38.0
-97.0, 38.0
-96.0, 39.0
-96.0, 39.0
-96.0, 40.0
-96.0, 38.0
-96.0, 39.0
-97.0, 38.0
-98.0, 39.0
-96.0, 36.0
-96.0, 37.0
-98.0, 39.0
-98.0, 39.0
-98.0, 39.0
-105.0, 43.0
-105.0, 42.0
-105.0, 45.0
-106.0, 45.0
-108.0, 45.0
-107.0, 44.0
-106.0, 44.0
-106.0, 41.0
-106.0, 42.0
-106.0, 42.0
-110.0, 39.0
-110.0, 39.0
-108.0, 42.0
-108.0, 42.0
-107.0, 42.0
-107.0, 48.0
-107.0, 46.0
-106.0, 48.0
-107.0, 47.0
-105.0, 46.0
-105.0, 46.0
-108.0, 47.0
-108.0, 48.0
-107.0, 47.0
-108.0, 47.0
-107.0, 47.0
-107.0, 47.0
-107.0, 47.0
-107.0, 48.0
-87.0, 32.0
-88.0, 32.0
-87.0, 32.0
-87.0, 32.0
-87.0, 31.0
-93.0, 33.0
-93.0, 33.0
-93.0, 33.0
-91.0, 31.0
-91.0, 30.0
-91.0, 29.0
-91.0, 29.0
-91.0, 32.0
-91.0, 32.0
-95.0, 30.0
-95.0, 30.0
-95.0, 30.0
-95.0, 30.0
-94.0, 31.0
-94.0, 31.0
-90.0, 34.0
-91.0, 33.0
-90.0, 33.0
-88.0, 34.0
-89.0, 34.0
-88.0, 35.0
-88.0, 35.0
-89.0, 33.0
-88.0, 34.0
-88.0, 34.0
-89.0, 34.0
-89.0, 33.0
-88.0, 34.0
-91.0, 32.0
-91.0, 31.0
-91.0, 30.0
-91.0, 30.0
-91.0, 30.0
-91.0, 30.0
-90.0, 28.0
-90.0, 28.0
-91.0, 30.0
-91.0, 31.0
-90.0, 30.0
-91.0, 30.0
-91.0, 30.0
-91.0, 30.0
-90.0, 30.0
-90.0, 30.0
-92.0, 28.0
-92.0, 30.0
-89.0, 31.0
-89.0, 30.0
-89.0, 31.0
-89.0, 31.0
-90.0, 32.0
-89.0, 32.0
-89.0, 31.0
-89.0, 31.0
-90.0, 29.0
-89.0, 29.0
-89.0, 30.0
-90.0, 30.0
-89.0, 30.0
-87.0, 30.0
-87.0, 35.0
-87.0, 35.0
-81.0, 29.0
-81.0, 29.0
-81.0, 32.0
-82.0, 31.0
-81.0, 33.0
-82.0, 29.0
-82.0, 29.0
-80.0, 30.0
-80.0, 30.0
-80.0, 30.0
-81.0, 31.0
-82.0, 30.0
-85.0, 34.0
-85.0, 34.0
-85.0, 34.0
-84.0, 33.0
-84.0, 33.0
-83.0, 35.0
-84.0, 34.0
-84.0, 34.0
-84.0, 34.0
-83.0, 33.0
-83.0, 33.0
-91.0, 27.0
-91.0, 27.0
-91.0, 27.0
-93.0, 28.0
-92.0, 28.0
-92.0, 29.0
-92.0, 29.0
-91.0, 30.0
-90.0, 29.0
-90.0, 29.0
-90.0, 31.0
-90.0, 30.0
-89.0, 29.0
-90.0, 28.0
-91.0, 29.0
-91.0, 29.0
-93.0, 28.0
-91.0, 28.0
-92.0, 28.0
-91.0, 28.0
-91.0, 28.0
-91.0, 33.0
-91.0, 32.0
-92.0, 34.0
-91.0, 34.0
-91.0, 34.0
-94.0, 32.0
-94.0, 32.0
-93.0, 32.0
-93.0, 32.0
-89.0, 30.0
-90.0, 32.0
-90.0, 32.0
-89.0, 31.0
-89.0, 31.0
-89.0, 32.0
-90.0, 31.0
-90.0, 33.0
-91.0, 33.0
-87.0, 38.0
-89.0, 36.0
-88.0, 35.0
-88.0, 35.0
-87.0, 35.0
-87.0, 35.0
-89.0, 34.0
-88.0, 34.0
-89.0, 34.0
-89.0, 34.0
-89.0, 33.0
-89.0, 33.0
-85.0, 36.0
-86.0, 37.0
-86.0, 37.0
-85.0, 37.0
-85.0, 37.0
-84.0, 34.0
-86.0, 36.0
-86.0, 36.0
-85.0, 36.0
-87.0, 36.0
-87.0, 36.0
-87.0, 35.0
-85.0, 36.0
-85.0, 35.0
-84.0, 35.0
-85.0, 35.0
-86.0, 36.0
-87.0, 35.0
-85.0, 35.0
-86.0, 33.0
-86.0, 33.0
-86.0, 34.0
-85.0, 34.0
-86.0, 33.0
-86.0, 34.0
-86.0, 33.0
-86.0, 33.0
-86.0, 33.0
-87.0, 32.0
-84.0, 35.0
-81.0, 34.0
-83.0, 35.0
-84.0, 34.0
-83.0, 34.0
-84.0, 32.0
-84.0, 36.0
-85.0, 42.0
-85.0, 41.0
-85.0, 41.0
-84.0, 40.0
-84.0, 40.0
-85.0, 39.0
-85.0, 39.0
-84.0, 39.0
-96.0, 34.0
-96.0, 34.0
-95.0, 35.0
-95.0, 35.0
-95.0, 35.0
-94.0, 35.0
-92.0, 35.0
-93.0, 35.0
-94.0, 35.0
-93.0, 35.0
-93.0, 35.0
-94.0, 36.0
-93.0, 38.0
-95.0, 36.0
-95.0, 37.0
-95.0, 37.0
-95.0, 38.0
-96.0, 38.0
-94.0, 35.0
-96.0, 36.0
-96.0, 35.0
-96.0, 35.0
-95.0, 37.0
-95.0, 36.0
-95.0, 37.0
-95.0, 36.0
-89.0, 40.0
-89.0, 40.0
-90.0, 38.0
-91.0, 38.0
-93.0, 37.0
-93.0, 36.0
-93.0, 36.0
-91.0, 41.0
-92.0, 41.0
-89.0, 37.0
-89.0, 36.0
-92.0, 37.0
-92.0, 37.0
-90.0, 35.0
-90.0, 35.0
-92.0, 34.0
-91.0, 36.0
-91.0, 35.0
-89.0, 27.0
-89.0, 27.0
-89.0, 27.0
-87.0, 27.0
-87.0, 27.0
-87.0, 28.0
-88.0, 28.0
-88.0, 28.0
-88.0, 28.0
-89.0, 28.0
-89.0, 28.0
-86.0, 28.0
-86.0, 33.0
-86.0, 33.0
-86.0, 33.0
-84.0, 32.0
-84.0, 32.0
-84.0, 34.0
-88.0, 29.0
-88.0, 30.0
-88.0, 30.0
-88.0, 30.0
-88.0, 31.0
-89.0, 30.0
-89.0, 30.0
-87.0, 30.0
-87.0, 29.0
-86.0, 29.0
-87.0, 29.0
-88.0, 28.0
-89.0, 36.0
-88.0, 36.0
-87.0, 35.0
-88.0, 35.0
-89.0, 30.0
-89.0, 30.0
-90.0, 32.0
-91.0, 33.0
-89.0, 33.0
-89.0, 33.0
-90.0, 29.0
-89.0, 29.0
-88.0, 30.0
-88.0, 30.0
-88.0, 31.0
-88.0, 30.0
-88.0, 30.0
-91.0, 32.0
-90.0, 31.0
-87.0, 25.0
-87.0, 25.0
-88.0, 26.0
-89.0, 27.0
-88.0, 29.0
-88.0, 28.0
-88.0, 28.0
-88.0, 27.0
-88.0, 32.0
-88.0, 31.0
-89.0, 31.0
-90.0, 31.0
-89.0, 30.0
-87.0, 32.0
-87.0, 32.0
-91.0, 32.0
-90.0, 31.0
-89.0, 30.0
-89.0, 29.0
-87.0, 30.0
-87.0, 29.0
-88.0, 29.0
-87.0, 30.0
-87.0, 30.0
-87.0, 31.0
-85.0, 30.0
-85.0, 31.0
-84.0, 31.0
-84.0, 31.0
-85.0, 31.0
-100.0, 31.0
-90.0, 30.0
-90.0, 31.0
-90.0, 31.0
-90.0, 31.0
-90.0, 31.0
-90.0, 30.0
-88.0, 33.0
-89.0, 33.0
-88.0, 33.0
-87.0, 34.0
-88.0, 34.0
-92.0, 33.0
-92.0, 33.0
-92.0, 32.0
-89.0, 34.0
-89.0, 33.0
-93.0, 31.0
-93.0, 31.0
-93.0, 30.0
-94.0, 30.0
-91.0, 33.0
-92.0, 32.0
-91.0, 32.0
-91.0, 32.0
-93.0, 31.0
-93.0, 32.0
-91.0, 36.0
-91.0, 37.0
-89.0, 38.0
-93.0, 37.0
-94.0, 36.0
-94.0, 36.0
-94.0, 38.0
-94.0, 38.0
-94.0, 38.0
-93.0, 38.0
-93.0, 38.0
-93.0, 37.0
-93.0, 37.0
-93.0, 37.0
-94.0, 37.0
-94.0, 36.0
-93.0, 36.0
-92.0, 37.0
-92.0, 37.0
-92.0, 37.0
-93.0, 38.0
-92.0, 37.0
-92.0, 36.0
-93.0, 37.0
-96.0, 29.0
-96.0, 28.0
-97.0, 28.0
-93.0, 29.0
-93.0, 29.0
-94.0, 31.0
-93.0, 31.0
-92.0, 28.0
-93.0, 27.0
-91.0, 29.0
-91.0, 29.0
-91.0, 29.0
-90.0, 29.0
-92.0, 29.0
-92.0, 29.0
-91.0, 28.0
-91.0, 28.0
-90.0, 28.0
-90.0, 31.0
-91.0, 31.0
-91.0, 31.0
-80.0, 36.0
-80.0, 36.0
-81.0, 34.0
-80.0, 34.0
-80.0, 34.0
-79.0, 34.0
-80.0, 34.0
-79.0, 34.0
-82.0, 32.0
-82.0, 32.0
-82.0, 34.0
-78.0, 37.0
-81.0, 36.0
-81.0, 36.0
-81.0, 35.0
-81.0, 37.0
-83.0, 36.0
-84.0, 36.0
-80.0, 36.0
-73.0, 34.0
-73.0, 34.0
-73.0, 34.0
-73.0, 36.0
-71.0, 35.0
-71.0, 35.0
-68.0, 34.0
-73.0, 34.0
-73.0, 35.0
-73.0, 35.0
-72.0, 35.0
-72.0, 36.0
-72.0, 36.0
-71.0, 35.0
-71.0, 35.0
-71.0, 34.0
-71.0, 34.0
-71.0, 34.0
-71.0, 33.0
-72.0, 35.0
-72.0, 34.0
-72.0, 34.0
-72.0, 27.0
-73.0, 27.0
-73.0, 27.0
-71.0, 31.0
-71.0, 31.0
-72.0, 32.0
-72.0, 32.0
-72.0, 29.0
-72.0, 30.0
-71.0, 44.0
-73.0, 42.0
-73.0, 42.0
-73.0, 42.0
-73.0, 41.0
-73.0, 41.0
-72.0, 41.0
-72.0, 41.0
-73.0, 39.0
-73.0, 38.0
-73.0, 38.0
-73.0, 39.0
-74.0, 39.0
-69.0, 41.0
-69.0, 40.0
-70.0, 40.0
-70.0, 40.0
-69.0, 40.0
-69.0, 39.0
-69.0, 41.0
-69.0, 39.0
-69.0, 41.0
-69.0, 41.0
-68.0, 40.0
-68.0, 41.0
-69.0, 40.0
-68.0, 40.0
-68.0, 39.0
-69.0, 39.0
-69.0, 39.0
-69.0, 40.0
-71.0, 42.0
-71.0, 42.0
-71.0, 41.0
-75.0, 44.0
-75.0, 44.0
-75.0, 45.0
-75.0, 44.0
-74.0, 45.0
-75.0, 43.0
-75.0, 44.0
-74.0, 44.0
-75.0, 44.0
-73.0, 43.0
-73.0, 44.0
-73.0, 42.0
-73.0, 40.0
-72.0, 40.0
-72.0, 40.0
-91.0, 49.0
-91.0, 49.0
-89.0, 49.0
-89.0, 49.0
-91.0, 49.0
-90.0, 50.0
-90.0, 50.0
-90.0, 49.0
-89.0, 49.0
-88.0, 50.0
-85.0, 55.0
-85.0, 54.0
-87.0, 54.0
-84.0, 55.0
-87.0, 56.0
-91.0, 59.0
-92.0, 59.0
-92.0, 59.0
-94.0, 59.0
-94.0, 59.0
-94.0, 59.0
-93.0, 61.0
-93.0, 61.0
-91.0, 61.0
-93.0, 61.0
-93.0, 62.0
-91.0, 60.0
-91.0, 60.0
-90.0, 60.0
-89.0, 61.0
-90.0, 60.0
-90.0, 60.0
-89.0, 59.0
-90.0, 60.0
-90.0, 59.0
-90.0, 60.0
-93.0, 59.0
-93.0, 59.0
-90.0, 56.0
-85.0, 56.0
-91.0, 53.0
-91.0, 53.0
-92.0, 51.0
-92.0, 51.0
-91.0, 52.0
-91.0, 52.0
-92.0, 53.0
-92.0, 53.0
-92.0, 53.0
-92.0, 53.0
-91.0, 52.0
-93.0, 55.0
-91.0, 55.0
-91.0, 55.0
-94.0, 50.0
-93.0, 51.0
-93.0, 51.0
-93.0, 51.0
-93.0, 51.0
-93.0, 50.0
-93.0, 50.0
-94.0, 52.0
-88.0, 53.0
-88.0, 53.0
-89.0, 53.0
-88.0, 54.0
-88.0, 53.0
-88.0, 54.0
-88.0, 53.0
-89.0, 53.0
-89.0, 56.0
-89.0, 57.0
-89.0, 57.0
-86.0, 56.0
-91.0, 54.0
-92.0, 55.0
-90.0, 54.0
-90.0, 54.0
-92.0, 53.0
-92.0, 53.0
-92.0, 53.0
-92.0, 52.0
-92.0, 53.0
-92.0, 53.0
-87.0, 58.0
-89.0, 56.0
-89.0, 56.0
-89.0, 56.0
-89.0, 56.0
-88.0, 56.0
-88.0, 57.0
-88.0, 57.0
-87.0, 58.0
-88.0, 59.0
-86.0, 57.0
-85.0, 57.0
-85.0, 57.0
-85.0, 57.0
-86.0, 56.0
-86.0, 56.0
-87.0, 57.0
-88.0, 57.0
-88.0, 56.0
-87.0, 57.0
-87.0, 59.0
-87.0, 57.0
-87.0, 58.0
-87.0, 57.0
-88.0, 57.0
-87.0, 57.0
-88.0, 56.0
-88.0, 56.0
-88.0, 56.0
-87.0, 57.0
-88.0, 56.0
-91.0, 59.0
-89.0, 58.0
-85.0, 59.0
-85.0, 59.0
-85.0, 59.0
-85.0, 59.0
-86.0, 56.0
-85.0, 58.0
-85.0, 58.0
-90.0, 50.0
-90.0, 50.0
-90.0, 51.0
-90.0, 51.0
-90.0, 51.0
-92.0, 48.0
-92.0, 48.0
-92.0, 47.0
-91.0, 50.0
-90.0, 50.0
-87.0, 55.0
-87.0, 55.0
-87.0, 55.0
-89.0, 54.0
-89.0, 54.0
-88.0, 52.0
-88.0, 54.0
-89.0, 54.0
-88.0, 54.0
-80.0, 51.0
-81.0, 51.0
-79.0, 51.0
-79.0, 52.0
-81.0, 50.0
-81.0, 49.0
-82.0, 47.0
-82.0, 49.0
-81.0, 49.0
-82.0, 48.0
-86.0, 47.0
-86.0, 47.0
-86.0, 47.0
-87.0, 46.0
-87.0, 47.0
-86.0, 47.0
-86.0, 47.0
-85.0, 48.0
-84.0, 46.0
-82.0, 49.0
-82.0, 49.0
-83.0, 49.0
-87.0, 52.0
-88.0, 53.0
-87.0, 53.0
-87.0, 52.0
-87.0, 52.0
-87.0, 53.0
-87.0, 53.0
-88.0, 56.0
-88.0, 55.0
-88.0, 55.0
-85.0, 53.0
-85.0, 55.0
-85.0, 55.0
-85.0, 55.0
-86.0, 55.0
-85.0, 54.0
-84.0, 54.0
-83.0, 54.0
-85.0, 54.0
-83.0, 54.0
-83.0, 54.0
-83.0, 54.0
-83.0, 55.0
-82.0, 55.0
-83.0, 53.0
-83.0, 54.0
-83.0, 53.0
-83.0, 53.0
-83.0, 53.0
-84.0, 49.0
-85.0, 50.0
-85.0, 49.0
-85.0, 49.0
-85.0, 49.0
-84.0, 49.0
-87.0, 45.0
-88.0, 45.0
-88.0, 44.0
-87.0, 45.0
-87.0, 47.0
-88.0, 47.0
-86.0, 47.0
-87.0, 47.0
-87.0, 47.0
-88.0, 48.0
-87.0, 48.0
-86.0, 44.0
-85.0, 41.0
-85.0, 42.0
-86.0, 41.0
-84.0, 43.0
-84.0, 43.0
-84.0, 43.0
-84.0, 43.0
-84.0, 44.0
-88.0, 44.0
-88.0, 44.0
-90.0, 42.0
-90.0, 42.0
-86.0, 46.0
-87.0, 43.0
-87.0, 43.0
-87.0, 43.0
-87.0, 44.0
-87.0, 44.0
-87.0, 44.0
-87.0, 43.0
-86.0, 45.0
-86.0, 45.0
-86.0, 45.0
-86.0, 45.0
-86.0, 45.0
-85.0, 47.0
-85.0, 46.0
-85.0, 46.0
-88.0, 46.0
-89.0, 45.0
-89.0, 44.0
-114.0, 45.0
-117.0, 51.0
-117.0, 51.0
-118.0, 50.0
-118.0, 51.0
-117.0, 48.0
-117.0, 49.0
-118.0, 50.0
-117.0, 50.0
-117.0, 49.0
-116.0, 51.0
-117.0, 52.0
-117.0, 50.0
-117.0, 52.0
-117.0, 51.0
-119.0, 50.0
-119.0, 52.0
-119.0, 51.0
-119.0, 50.0
-120.0, 48.0
-119.0, 48.0
-119.0, 48.0
-121.0, 48.0
-119.0, 48.0
-119.0, 48.0
-118.0, 49.0
-119.0, 48.0
-117.0, 50.0
-117.0, 50.0
-119.0, 43.0
-119.0, 43.0
-121.0, 43.0
-121.0, 44.0
-121.0, 44.0
-117.0, 46.0
-117.0, 46.0
-117.0, 46.0
-118.0, 46.0
-116.0, 44.0
-115.0, 47.0
-115.0, 47.0
-116.0, 39.0
-116.0, 39.0
-115.0, 42.0
-112.0, 45.0
-111.0, 45.0
-117.0, 43.0
-117.0, 43.0
-115.0, 43.0
-115.0, 42.0
-115.0, 43.0
-118.0, 43.0
-115.0, 44.0
-116.0, 44.0
-119.0, 43.0
-119.0, 43.0
-118.0, 43.0
-118.0, 44.0
-117.0, 45.0
-117.0, 45.0
-117.0, 44.0
-118.0, 44.0
-118.0, 45.0
-118.0, 45.0
-114.0, 46.0
-114.0, 46.0
-114.0, 46.0
-114.0, 47.0
-114.0, 47.0
-114.0, 45.0
-113.0, 45.0
-114.0, 45.0
-118.0, 50.0
-118.0, 50.0
-118.0, 50.0
-118.0, 51.0
-117.0, 50.0
-117.0, 53.0
-117.0, 53.0
-117.0, 53.0
-110.0, 40.0
-106.0, 39.0
-108.0, 40.0
-108.0, 41.0
-108.0, 41.0
-108.0, 41.0
-110.0, 39.0
-110.0, 39.0
-110.0, 40.0
-111.0, 39.0
-110.0, 39.0
-110.0, 39.0
-110.0, 39.0
-110.0, 39.0
-107.0, 39.0
-110.0, 39.0
-110.0, 39.0
-110.0, 39.0
-111.0, 39.0
-110.0, 38.0
-110.0, 38.0
-110.0, 40.0
-110.0, 40.0
-110.0, 39.0
-109.0, 39.0
-109.0, 39.0
-109.0, 39.0
-109.0, 40.0
-109.0, 40.0
-109.0, 40.0
-109.0, 40.0
-110.0, 41.0
-109.0, 41.0
-109.0, 41.0
-108.0, 40.0
-109.0, 39.0
-109.0, 40.0
-109.0, 40.0
-108.0, 40.0
-108.0, 40.0
-108.0, 40.0
-108.0, 41.0
-108.0, 40.0
-108.0, 40.0
-108.0, 40.0
-109.0, 40.0
-109.0, 40.0
-109.0, 39.0
-108.0, 39.0
-109.0, 38.0
-111.0, 40.0
-111.0, 40.0
-111.0, 41.0
-111.0, 40.0
-110.0, 40.0
-88.0, 49.0
-89.0, 49.0
-88.0, 49.0
-88.0, 49.0
-89.0, 49.0
-91.0, 48.0
-89.0, 50.0
-89.0, 50.0
-89.0, 51.0
-89.0, 50.0
-86.0, 48.0
-86.0, 48.0
-88.0, 49.0
-89.0, 49.0
-89.0, 48.0
-88.0, 52.0
-87.0, 53.0
-90.0, 50.0
-91.0, 50.0
-94.0, 52.0
-94.0, 51.0
-94.0, 51.0
-93.0, 51.0
-94.0, 51.0
-93.0, 51.0
-94.0, 51.0
-92.0, 51.0
-89.0, 60.0
-88.0, 60.0
-90.0, 60.0
-93.0, 57.0
-92.0, 57.0
-92.0, 57.0
-92.0, 56.0
-91.0, 59.0
-91.0, 59.0
-91.0, 57.0
-90.0, 57.0
-92.0, 50.0
-92.0, 50.0
-93.0, 47.0
-93.0, 47.0
-91.0, 47.0
-94.0, 48.0
-94.0, 48.0
-97.0, 46.0
-96.0, 46.0
-95.0, 47.0
-96.0, 46.0
-96.0, 47.0
-96.0, 47.0
-96.0, 48.0
-96.0, 48.0
-96.0, 48.0
-93.0, 48.0
-93.0, 48.0
-95.0, 48.0
-94.0, 48.0
-94.0, 48.0
-96.0, 47.0
-95.0, 46.0
-94.0, 46.0
-91.0, 46.0
-92.0, 46.0
-91.0, 46.0
-91.0, 45.0
-90.0, 46.0
-91.0, 46.0
-91.0, 46.0
-90.0, 47.0
-90.0, 47.0
-93.0, 55.0
-92.0, 55.0
-93.0, 55.0
-92.0, 54.0
-92.0, 54.0
-93.0, 53.0
-94.0, 54.0
-94.0, 54.0
-93.0, 55.0
-93.0, 55.0
-93.0, 55.0
-93.0, 55.0
-92.0, 53.0
-93.0, 53.0
-93.0, 54.0
-93.0, 53.0
-93.0, 54.0
-91.0, 54.0
-91.0, 54.0
-91.0, 54.0
-91.0, 54.0
-91.0, 53.0
-93.0, 56.0
-93.0, 55.0
-91.0, 54.0
-92.0, 54.0
-93.0, 54.0
-93.0, 56.0
-93.0, 56.0
-93.0, 56.0
-93.0, 54.0
-94.0, 54.0
-94.0, 54.0
-94.0, 54.0
-94.0, 54.0
-94.0, 51.0
-94.0, 51.0
-92.0, 54.0
-92.0, 54.0
-101.0, 58.0
-101.0, 58.0
-101.0, 57.0
-100.0, 57.0
-101.0, 57.0
-101.0, 60.0
-101.0, 60.0
-100.0, 60.0
-99.0, 59.0
-100.0, 59.0
-100.0, 59.0
-100.0, 59.0
-101.0, 58.0
-102.0, 58.0
-102.0, 58.0
-102.0, 58.0
-102.0, 58.0
-103.0, 55.0
-103.0, 55.0
-103.0, 55.0
-103.0, 56.0
-103.0, 56.0
-103.0, 56.0
-94.0, 55.0
-95.0, 55.0
-94.0, 54.0
-94.0, 55.0
-95.0, 53.0
-95.0, 54.0
-94.0, 56.0
-94.0, 56.0
-96.0, 52.0
-96.0, 52.0
-96.0, 51.0
-95.0, 51.0
-95.0, 51.0
-95.0, 50.0
-95.0, 49.0
-95.0, 49.0
-95.0, 49.0
-95.0, 49.0
-97.0, 56.0
-98.0, 56.0
-97.0, 56.0
-96.0, 60.0
-96.0, 60.0
-97.0, 59.0
-92.0, 60.0
-99.0, 51.0
-99.0, 51.0
-99.0, 51.0
-101.0, 53.0
-112.0, 52.0
-112.0, 53.0
-112.0, 54.0
-112.0, 54.0
-112.0, 54.0
-110.0, 55.0
-110.0, 53.0
-111.0, 55.0
-111.0, 54.0
-114.0, 52.0
-114.0, 53.0
-112.0, 53.0
-112.0, 53.0
-113.0, 52.0
-113.0, 52.0
-113.0, 53.0
-113.0, 53.0
-111.0, 52.0
-112.0, 53.0
-111.0, 53.0
-113.0, 53.0
-112.0, 56.0
-112.0, 54.0
-111.0, 54.0
-115.0, 54.0
-115.0, 54.0
-111.0, 54.0
-111.0, 54.0
-112.0, 56.0
-112.0, 55.0
-115.0, 53.0
-107.0, 56.0
-107.0, 57.0
-108.0, 56.0
-107.0, 56.0
-107.0, 56.0
-107.0, 56.0
-108.0, 56.0
-108.0, 56.0
-107.0, 55.0
-110.0, 51.0
-110.0, 52.0
-111.0, 52.0
-110.0, 53.0
-109.0, 52.0
-111.0, 55.0
-111.0, 55.0
-109.0, 54.0
-109.0, 55.0
-109.0, 54.0
-109.0, 54.0
-111.0, 54.0
-111.0, 54.0
-111.0, 54.0
-111.0, 54.0
-111.0, 55.0
-111.0, 55.0
-110.0, 55.0
-113.0, 56.0
-114.0, 56.0
-113.0, 55.0
-111.0, 54.0
-112.0, 54.0
-112.0, 56.0
-114.0, 54.0
-113.0, 55.0
-114.0, 56.0
-113.0, 54.0
-113.0, 57.0
-113.0, 56.0
-113.0, 56.0
-112.0, 54.0
-112.0, 54.0
-106.0, 48.0
-106.0, 48.0
-106.0, 47.0
-105.0, 50.0
-106.0, 49.0
-105.0, 49.0
-105.0, 47.0
-105.0, 48.0
-108.0, 48.0
-107.0, 48.0
-107.0, 47.0
-107.0, 47.0
-104.0, 52.0
-105.0, 52.0
-105.0, 52.0
-105.0, 52.0
-106.0, 53.0
-106.0, 54.0
-106.0, 53.0
-104.0, 53.0
-105.0, 53.0
-104.0, 53.0
-104.0, 50.0
-104.0, 50.0
-105.0, 50.0
-108.0, 51.0
-107.0, 51.0
-105.0, 50.0
-105.0, 50.0
-105.0, 50.0
-107.0, 51.0
-108.0, 51.0
-108.0, 51.0
-108.0, 51.0
-110.0, 51.0
-110.0, 51.0
-109.0, 51.0
-109.0, 50.0
-107.0, 51.0
-107.0, 51.0
-108.0, 51.0
-107.0, 51.0
-107.0, 51.0
-115.0, 51.0
-115.0, 51.0
-122.0, 32.0
-121.0, 32.0
-124.0, 34.0
-124.0, 34.0
-124.0, 33.0
-124.0, 33.0
-124.0, 32.0
-124.0, 33.0
-125.0, 33.0
-125.0, 33.0
-124.0, 33.0
-123.0, 33.0
-123.0, 32.0
-123.0, 32.0
-124.0, 32.0
-124.0, 32.0
-123.0, 32.0
-123.0, 36.0
-123.0, 35.0
-122.0, 36.0
-122.0, 36.0
-123.0, 37.0
-123.0, 37.0
-123.0, 36.0
-123.0, 37.0
-123.0, 36.0
-123.0, 36.0
-123.0, 36.0
-123.0, 36.0
-123.0, 36.0
-123.0, 36.0
-125.0, 37.0
-125.0, 37.0
-125.0, 37.0
-123.0, 39.0
-124.0, 39.0
-113.0, 47.0
-114.0, 47.0
-114.0, 48.0
-114.0, 46.0
-114.0, 46.0
-114.0, 46.0
-114.0, 46.0
-113.0, 46.0
-114.0, 47.0
-114.0, 47.0
-114.0, 46.0
-115.0, 45.0
-115.0, 45.0
-115.0, 46.0
-115.0, 45.0
-115.0, 45.0
-114.0, 46.0
-114.0, 46.0
-114.0, 46.0
-114.0, 46.0
-114.0, 45.0
-114.0, 45.0
-115.0, 45.0
-112.0, 45.0
-113.0, 45.0
-114.0, 45.0
-113.0, 46.0
-113.0, 46.0
-114.0, 46.0
-113.0, 46.0
-113.0, 45.0
-115.0, 45.0
-114.0, 45.0
-115.0, 48.0
-115.0, 47.0
-114.0, 45.0
-114.0, 46.0
-115.0, 47.0
-115.0, 47.0
-109.0, 46.0
-110.0, 45.0
-114.0, 49.0
-113.0, 46.0
-114.0, 46.0
-114.0, 46.0
-114.0, 46.0
-114.0, 46.0
-110.0, 40.0
-111.0, 40.0
-110.0, 40.0
-111.0, 41.0
-112.0, 39.0
-112.0, 40.0
-111.0, 42.0
-113.0, 43.0
-113.0, 43.0
-113.0, 43.0
-112.0, 42.0
-113.0, 42.0
-112.0, 42.0
-112.0, 43.0
-112.0, 43.0
-105.0, 51.0
-104.0, 51.0
-104.0, 51.0
-104.0, 51.0
-105.0, 47.0
-106.0, 48.0
-106.0, 48.0
-106.0, 50.0
-106.0, 50.0
-105.0, 50.0
-113.0, 46.0
-109.0, 47.0
-109.0, 47.0
-108.0, 48.0
-108.0, 48.0
-111.0, 46.0
-111.0, 46.0
-110.0, 46.0
-110.0, 46.0
-109.0, 48.0
-109.0, 46.0
-109.0, 47.0
-110.0, 47.0
-110.0, 47.0
-110.0, 47.0
-110.0, 49.0
-110.0, 48.0
-110.0, 48.0
-110.0, 48.0
-110.0, 48.0
-111.0, 48.0
-111.0, 48.0
-110.0, 48.0
-110.0, 49.0
-110.0, 49.0
-109.0, 48.0
-108.0, 43.0
-107.0, 44.0
-107.0, 44.0
-107.0, 44.0
-109.0, 44.0
-109.0, 44.0
-108.0, 44.0
-109.0, 44.0
-110.0, 44.0
-110.0, 46.0
-108.0, 46.0
-108.0, 46.0
-110.0, 44.0
-110.0, 44.0
-115.0, 45.0
-115.0, 45.0
-116.0, 45.0
-116.0, 44.0
-115.0, 45.0
-116.0, 44.0
-113.0, 46.0
-112.0, 47.0
-113.0, 46.0
-113.0, 46.0
-113.0, 45.0
-115.0, 49.0
-115.0, 47.0
-115.0, 47.0
-115.0, 47.0
-111.0, 52.0
-111.0, 51.0
-111.0, 51.0
-114.0, 50.0
-113.0, 49.0
-113.0, 51.0
-112.0, 50.0
-111.0, 50.0
-113.0, 48.0
-113.0, 48.0
-111.0, 47.0
-111.0, 47.0
-112.0, 47.0
-110.0, 47.0
-110.0, 47.0
-109.0, 46.0
-113.0, 47.0
-112.0, 47.0
-113.0, 47.0
-112.0, 47.0
-112.0, 47.0
-112.0, 47.0
-112.0, 46.0
-113.0, 46.0
-111.0, 45.0
-111.0, 45.0
-111.0, 48.0
-111.0, 48.0
-110.0, 48.0
-110.0, 48.0
-111.0, 47.0
-112.0, 47.0
-109.0, 47.0
-109.0, 47.0
-109.0, 47.0
-109.0, 47.0
-110.0, 46.0
-111.0, 45.0
-111.0, 45.0
-116.0, 46.0
-115.0, 47.0
-116.0, 47.0
-115.0, 47.0
-115.0, 47.0
-112.0, 47.0
-112.0, 47.0
-108.0, 46.0
-109.0, 46.0
-109.0, 46.0
-109.0, 46.0
-110.0, 47.0
-110.0, 47.0
-110.0, 47.0
-110.0, 47.0
-109.0, 47.0
-109.0, 46.0
-109.0, 47.0
-112.0, 48.0
-112.0, 48.0
-111.0, 50.0
-107.0, 49.0
-110.0, 47.0
-112.0, 49.0
-112.0, 49.0
-111.0, 49.0
-112.0, 47.0
-111.0, 47.0
-111.0, 47.0
-113.0, 49.0
-113.0, 49.0
-113.0, 49.0
-113.0, 49.0
-111.0, 48.0
-111.0, 51.0
-110.0, 50.0
-110.0, 50.0
-111.0, 51.0
-110.0, 50.0
-111.0, 43.0
-111.0, 43.0
-112.0, 42.0
-112.0, 43.0
-117.0, 43.0
-117.0, 43.0
-117.0, 42.0
-120.0, 43.0
-116.0, 44.0
-116.0, 44.0
-117.0, 43.0
-117.0, 45.0
-130.0, 41.0
-130.0, 41.0
-130.0, 41.0
-130.0, 41.0
-130.0, 40.0
-125.0, 40.0
-125.0, 40.0
-124.0, 40.0
-123.0, 41.0
-126.0, 40.0
-126.0, 39.0
-134.0, 60.0
-134.0, 60.0
-134.0, 60.0
-134.0, 60.0
-135.0, 60.0
-131.0, 60.0
-131.0, 60.0
-133.0, 60.0
-132.0, 59.0
-132.0, 59.0
-133.0, 59.0
-134.0, 60.0
-133.0, 59.0
-134.0, 58.0
-135.0, 59.0
-136.0, 58.0
-136.0, 58.0
-157.0, 47.0
-152.0, 45.0
-151.0, 46.0
-152.0, 46.0
-154.0, 44.0
-153.0, 44.0
-154.0, 44.0
-153.0, 44.0
-153.0, 44.0
-153.0, 44.0
-153.0, 43.0
-153.0, 45.0
-154.0, 44.0
-155.0, 44.0
-156.0, 46.0
-155.0, 45.0
-156.0, 45.0
-156.0, 45.0
-156.0, 46.0
-156.0, 43.0
-154.0, 44.0
-157.0, 43.0
-158.0, 43.0
-154.0, 43.0
-154.0, 42.0
-154.0, 42.0
-155.0, 43.0
-155.0, 43.0
-155.0, 42.0
-155.0, 43.0
-154.0, 43.0
-154.0, 43.0
-154.0, 43.0
-154.0, 43.0
-155.0, 43.0
-153.0, 42.0
-153.0, 43.0
-151.0, 42.0
-151.0, 42.0
-155.0, 41.0
-152.0, 42.0
-154.0, 42.0
-153.0, 42.0
-153.0, 43.0
-155.0, 43.0
-155.0, 42.0
-155.0, 42.0
-155.0, 43.0
-151.0, 44.0
-152.0, 45.0
-153.0, 44.0
-152.0, 44.0
-152.0, 44.0
-151.0, 52.0
-152.0, 52.0
-151.0, 52.0
-150.0, 52.0
-151.0, 52.0
-151.0, 51.0
-151.0, 52.0
-151.0, 51.0
-152.0, 51.0
-151.0, 51.0
-151.0, 52.0
-151.0, 52.0
-152.0, 52.0
-152.0, 52.0
-153.0, 52.0
-152.0, 52.0
-152.0, 52.0
-151.0, 47.0
-151.0, 48.0
-154.0, 50.0
-156.0, 52.0
-156.0, 50.0
-157.0, 50.0
-155.0, 50.0
-153.0, 50.0
-153.0, 50.0
-153.0, 49.0
-153.0, 49.0
-153.0, 49.0
-152.0, 49.0
-153.0, 48.0
-153.0, 49.0
-152.0, 47.0
-152.0, 47.0
-151.0, 47.0
-152.0, 49.0
-152.0, 49.0
-152.0, 46.0
-152.0, 46.0
-149.0, 45.0
-149.0, 47.0
-152.0, 46.0
-153.0, 45.0
-153.0, 45.0
-153.0, 45.0
-148.0, 44.0
-149.0, 43.0
-148.0, 43.0
-149.0, 44.0
-149.0, 44.0
-149.0, 44.0
-149.0, 45.0
-149.0, 45.0
-148.0, 43.0
-154.0, 45.0
-153.0, 46.0
-153.0, 47.0
-153.0, 47.0
-153.0, 47.0
-153.0, 47.0
-153.0, 47.0
-153.0, 48.0
-152.0, 46.0
-153.0, 47.0
-153.0, 48.0
-153.0, 47.0
-153.0, 48.0
-148.0, 48.0
-150.0, 48.0
-149.0, 49.0
-151.0, 44.0
-151.0, 44.0
-153.0, 44.0
-152.0, 44.0
-151.0, 44.0
-148.0, 42.0
-149.0, 43.0
-149.0, 43.0
-149.0, 43.0
-149.0, 43.0
-148.0, 42.0
-148.0, 42.0
-148.0, 42.0
-149.0, 42.0
-136.0, 66.0
-135.0, 65.0
-139.0, 62.0
-139.0, 61.0
-139.0, 63.0
-139.0, 62.0
-139.0, 65.0
-139.0, 64.0
-140.0, 62.0
-136.0, 65.0
-135.0, 65.0
-135.0, 65.0
-134.0, 65.0
-135.0, 65.0
-135.0, 66.0
-135.0, 65.0
-136.0, 65.0
-134.0, 64.0
-134.0, 64.0
-134.0, 64.0
-137.0, 64.0
-138.0, 64.0
-137.0, 65.0
-137.0, 65.0
-137.0, 66.0
-136.0, 67.0
-136.0, 66.0
-135.0, 67.0
-135.0, 67.0
-135.0, 66.0
-135.0, 68.0
-135.0, 67.0
-138.0, 64.0
-138.0, 64.0
-138.0, 64.0
-140.0, 66.0
-140.0, 64.0
-140.0, 65.0
-140.0, 65.0
-141.0, 65.0
-139.0, 67.0
-139.0, 67.0
-139.0, 67.0
-139.0, 66.0
-142.0, 67.0
-143.0, 66.0
-141.0, 67.0
-141.0, 66.0
-141.0, 67.0
-141.0, 67.0
-141.0, 67.0
-141.0, 67.0
-135.0, 68.0
-135.0, 67.0
-135.0, 68.0
-136.0, 68.0
-136.0, 68.0
-136.0, 68.0
-135.0, 67.0
-134.0, 67.0
-134.0, 67.0
-134.0, 67.0
-134.0, 67.0
-134.0, 67.0
-134.0, 68.0
-133.0, 67.0
-133.0, 67.0
-134.0, 67.0
-134.0, 67.0
-135.0, 67.0
-135.0, 67.0
-135.0, 67.0
-135.0, 67.0
-135.0, 67.0
-135.0, 67.0
-135.0, 67.0
-135.0, 68.0
-125.0, 48.0
-124.0, 46.0
-124.0, 46.0
-124.0, 46.0
-125.0, 47.0
-128.0, 45.0
-128.0, 45.0
-128.0, 46.0
-128.0, 44.0
-129.0, 45.0
-126.0, 44.0
-126.0, 44.0
-126.0, 45.0
-126.0, 44.0
-126.0, 44.0
-127.0, 43.0
-128.0, 43.0
-127.0, 43.0
-125.0, 43.0
-125.0, 42.0
-125.0, 47.0
-126.0, 48.0
-125.0, 48.0
-126.0, 49.0
-126.0, 47.0
-126.0, 48.0
-126.0, 48.0
-126.0, 49.0
-128.0, 45.0
-128.0, 46.0
-128.0, 46.0
-129.0, 47.0
-129.0, 47.0
-125.0, 51.0
-125.0, 52.0
-125.0, 52.0
-125.0, 50.0
-125.0, 50.0
-125.0, 52.0
-125.0, 52.0
-125.0, 52.0
-125.0, 51.0
-125.0, 51.0
-125.0, 51.0
-123.0, 52.0
-123.0, 52.0
-123.0, 53.0
-124.0, 51.0
-123.0, 51.0
-123.0, 51.0
-127.0, 36.0
-127.0, 37.0
-126.0, 36.0
-129.0, 35.0
-128.0, 34.0
-128.0, 35.0
-129.0, 35.0
-130.0, 35.0
-130.0, 35.0
-129.0, 35.0
-129.0, 36.0
-130.0, 35.0
-131.0, 36.0
-130.0, 34.0
-128.0, 35.0
-127.0, 35.0
-128.0, 35.0
-126.0, 37.0
-126.0, 37.0
-125.0, 38.0
-121.0, 34.0
-121.0, 33.0
-122.0, 34.0
-122.0, 36.0
-121.0, 35.0
-121.0, 35.0
-122.0, 37.0
-119.0, 36.0
-120.0, 36.0
-129.0, 39.0
-129.0, 39.0
-129.0, 39.0
-128.0, 39.0
-130.0, 38.0
-127.0, 40.0
-127.0, 40.0
-127.0, 38.0
-128.0, 37.0
-128.0, 37.0
-130.0, 38.0
-130.0, 38.0
-130.0, 24.0
-130.0, 25.0
-127.0, 33.0
-127.0, 29.0
-126.0, 29.0
-124.0, 30.0
-124.0, 29.0
-124.0, 30.0
-125.0, 31.0
-125.0, 31.0
-125.0, 31.0
-124.0, 30.0
-125.0, 30.0
-126.0, 26.0
-126.0, 26.0
-126.0, 28.0
-125.0, 30.0
-126.0, 31.0
-126.0, 31.0
-127.0, 32.0
-126.0, 30.0
-125.0, 30.0
-132.0, 33.0
-132.0, 32.0
-132.0, 33.0
-132.0, 33.0
-131.0, 33.0
-130.0, 34.0
-132.0, 33.0
-130.0, 35.0
-132.0, 35.0
-132.0, 35.0
-131.0, 37.0
-131.0, 36.0
-132.0, 33.0
-132.0, 34.0
-132.0, 34.0
-131.0, 35.0
-130.0, 27.0
-129.0, 28.0
-129.0, 28.0
-129.0, 30.0
-129.0, 30.0
-129.0, 30.0
-132.0, 29.0
-132.0, 29.0
-132.0, 29.0
-134.0, 35.0
-135.0, 36.0
-134.0, 36.0
-135.0, 33.0
-135.0, 33.0
-137.0, 44.0
-137.0, 44.0
-138.0, 44.0
-136.0, 43.0
-138.0, 44.0
-137.0, 44.0
-136.0, 43.0
-136.0, 43.0
-136.0, 43.0
-135.0, 43.0
-135.0, 43.0
-137.0, 43.0
-137.0, 43.0
-137.0, 43.0
-141.0, 39.0
-137.0, 45.0
-137.0, 46.0
-137.0, 47.0
-137.0, 47.0
-136.0, 47.0
-135.0, 48.0
-137.0, 46.0
-137.0, 49.0
-136.0, 48.0
-136.0, 48.0
-135.0, 48.0
-136.0, 49.0
-138.0, 47.0
-131.0, 50.0
-135.0, 51.0
-136.0, 52.0
-136.0, 52.0
-136.0, 52.0
-135.0, 49.0
-135.0, 49.0
-136.0, 49.0
-136.0, 50.0
-136.0, 50.0
-136.0, 50.0
-135.0, 49.0
-135.0, 48.0
-135.0, 48.0
-134.0, 48.0
-135.0, 48.0
-134.0, 48.0
-134.0, 48.0
-134.0, 49.0
-135.0, 49.0
-135.0, 49.0
-134.0, 48.0
-134.0, 48.0
-134.0, 48.0
-134.0, 48.0
-135.0, 50.0
-135.0, 50.0
-136.0, 48.0
-135.0, 48.0
-134.0, 49.0
-134.0, 49.0
-134.0, 49.0
-134.0, 49.0
-134.0, 49.0
-135.0, 49.0
-135.0, 49.0
-134.0, 49.0
-134.0, 50.0
-135.0, 49.0
-127.0, 35.0
-127.0, 35.0
-129.0, 36.0
-129.0, 38.0
-126.0, 37.0
-126.0, 36.0
-126.0, 34.0
-127.0, 36.0
-126.0, 36.0
-126.0, 36.0
-126.0, 36.0
-126.0, 36.0
-123.0, 37.0
-126.0, 35.0
-126.0, 36.0
-126.0, 36.0
-127.0, 37.0
-129.0, 37.0
-129.0, 41.0
-131.0, 42.0
-131.0, 41.0
-129.0, 41.0
-129.0, 42.0
-129.0, 42.0
-128.0, 42.0
-129.0, 42.0
-129.0, 43.0
-129.0, 42.0
-128.0, 41.0
-129.0, 41.0
-128.0, 41.0
-128.0, 41.0
-129.0, 42.0
-129.0, 42.0
-129.0, 43.0
-129.0, 43.0
-129.0, 43.0
-129.0, 40.0
-128.0, 39.0
-129.0, 40.0
-129.0, 40.0
-128.0, 39.0
-128.0, 39.0
-127.0, 41.0
-127.0, 41.0
-127.0, 41.0
-130.0, 39.0
-130.0, 37.0
-130.0, 39.0
-130.0, 39.0
-130.0, 40.0
-126.0, 28.0
-126.0, 29.0
-126.0, 29.0
-131.0, 29.0
-131.0, 28.0
-130.0, 27.0
-130.0, 27.0
-130.0, 26.0
-130.0, 26.0
-129.0, 28.0
-129.0, 28.0
-126.0, 31.0
-126.0, 31.0
-125.0, 31.0
-126.0, 33.0
-125.0, 32.0
-124.0, 31.0
-124.0, 31.0
-124.0, 31.0
-124.0, 32.0
-124.0, 34.0
-125.0, 31.0
-125.0, 31.0
-125.0, 31.0
-128.0, 32.0
-127.0, 33.0
-127.0, 33.0
-128.0, 28.0
-118.0, 30.0
-118.0, 30.0
-117.0, 31.0
-118.0, 30.0
-118.0, 30.0
-117.0, 32.0
-117.0, 31.0
-117.0, 31.0
-117.0, 31.0
-117.0, 31.0
-117.0, 31.0
-117.0, 31.0
-116.0, 32.0
-116.0, 32.0
-117.0, 32.0
-118.0, 32.0
-119.0, 33.0
-119.0, 32.0
-117.0, 31.0
-119.0, 31.0
-119.0, 31.0
-119.0, 33.0
-118.0, 32.0
-117.0, 31.0
-118.0, 31.0
-119.0, 33.0
-93.0, 15.0
-93.0, 15.0
-93.0, 16.0
-93.0, 16.0
-66.0, 68.0
-66.0, 70.0
-134.0, 23.0
-134.0, 22.0
-97.0, 18.0
-97.0, 17.0
-67.0, 68.0
-67.0, 68.0
-101.0, 19.0
-101.0, 19.0
-100.0, 20.0
-100.0, 20.0
-100.0, 20.0
-100.0, 20.0
-99.0, 21.0
-100.0, 21.0
-98.0, 21.0
-98.0, 21.0
-102.0, 19.0
-102.0, 19.0
-102.0, 19.0
-102.0, 19.0
